$SPEC_ID:
No sample description was entered.
$SPEC_REM:
DET# 1
DETDESC# Plastic
AP# Maestro Version 6.08
$DATE_MEA:
09/24/2019 14:27:19
$MEAS_TIM:
300 643
$DATA:
0 2047
       0
       0
      89
     157
     213
     351
     705
    1922
    3575
    6090
   13557
  150845
  771275
  338231
  382855
  372693
  351476
  336998
  342704
  364186
  395317
  465264
  572029
  616613
  558017
  466100
  402374
  364677
  344180
  330229
  323072
  315776
  304398
  291895
  273211
  255374
  237564
  218906
  202979
  185764
  172257
  158905
  149650
  142821
  136307
  127533
  118114
  108271
   99191
   92651
   87483
   83042
   80349
   76462
   73527
   69769
   66340
   62936
   60675
   57390
   54866
   53179
   51954
   50255
   48447
   47453
   46775
   45903
   45964
   45213
   44449
   43658
   43526
   43059
   42596
   42074
   41318
   40501
   40249
   39778
   38595
   38998
   38274
   38110
   37785
   37546
   36912
   37219
   36819
   36240
   36328
   36376
   35863
   36226
   35825
   36034
   35731
   35675
   35988
   35567
   36024
   36053
   35959
   35842
   36011
   35670
   36052
   35892
   36123
   36229
   36383
   36063
   36388
   36725
   36427
   37084
   36795
   37046
   36884
   36732
   37206
   36930
   37370
   37394
   37380
   37132
   37099
   37343
   37452
   37500
   37572
   37385
   37640
   37508
   37575
   37568
   38164
   37585
   38302
   37879
   38075
   38044
   37479
   38039
   37996
   38322
   38198
   38240
   38263
   38409
   38717
   38611
   38516
   38909
   38813
   39030
   38762
   38807
   39169
   39173
   39060
   39297
   39505
   39477
   40088
   40333
   40460
   40572
   40527
   40878
   41218
   41350
   41374
   41666
   41464
   41790
   41669
   42025
   41875
   42030
   42157
   41562
   41631
   41794
   41643
   41647
   41430
   42207
   41829
   41753
   41666
   41486
   41108
   41152
   41453
   41674
   41029
   41013
   40949
   41042
   40816
   40893
   40837
   40652
   40457
   40487
   40081
   40223
   39838
   39935
   39930
   39721
   39852
   39938
   39447
   39486
   39576
   39274
   39029
   38897
   39168
   39031
   39231
   38593
   38619
   38625
   38540
   38153
   38136
   38120
   38620
   38156
   38058
   38292
   38073
   37706
   37714
   38048
   37651
   37381
   37757
   37563
   37676
   37594
   37618
   37420
   37321
   37274
   37072
   37120
   36990
   37229
   36853
   36868
   37038
   36636
   36888
   36869
   36622
   37012
   36755
   36744
   36834
   36321
   36478
   36880
   36555
   36522
   36915
   37162
   36971
   37108
   37349
   36993
   37156
   37196
   37339
   37043
   37322
   37666
   37485
   37423
   37460
   37463
   37593
   37717
   37644
   37726
   37962
   37640
   37753
   37905
   38103
   37394
   38035
   38069
   38056
   38265
   38233
   38103
   38210
   38034
   37990
   37998
   37637
   38177
   37810
   37620
   37084
   37519
   37623
   37847
   37596
   37155
   37265
   37361
   36906
   36856
   36636
   36602
   36902
   36691
   36643
   36137
   36220
   36415
   36319
   36105
   36220
   36061
   36351
   35789
   35665
   36134
   35351
   35879
   36008
   35771
   35535
   35344
   35550
   35432
   35519
   35558
   35361
   35588
   35185
   35412
   35161
   35218
   35170
   35198
   35330
   35213
   35104
   35141
   35267
   34993
   35414
   35178
   35560
   35271
   35140
   35574
   35310
   35605
   35215
   34918
   35355
   35270
   35296
   35157
   35495
   35279
   35488
   35528
   35052
   35318
   35326
   34760
   35071
   35139
   34955
   34876
   34493
   34631
   34428
   34320
   34048
   34191
   33832
   33802
   33398
   33290
   32839
   32749
   32289
   32245
   31714
   31685
   31027
   30568
   30593
   30327
   30070
   29654
   29047
   28718
   28621
   28068
   27556
   27724
   27474
   26923
   26803
   26174
   26043
   25809
   25841
   25188
   25229
   24966
   24947
   24650
   24572
   24309
   24122
   23651
   23713
   23889
   23282
   23311
   23179
   23023
   22551
   23120
   22840
   22573
   22086
   22240
   22245
   22585
   22374
   21940
   21819
   21943
   21784
   21605
   21468
   21678
   21750
   21636
   21478
   21437
   21530
   21434
   21484
   21365
   21460
   21351
   21347
   21138
   21171
   21334
   21308
   21279
   21118
   20973
   21290
   21147
   21028
   21004
   21197
   21225
   21468
   20987
   21139
   21173
   21447
   21442
   21268
   21199
   21319
   21299
   21279
   21362
   21572
   21535
   21663
   21837
   21835
   21719
   21893
   21971
   21696
   21795
   21445
   22146
   21837
   22006
   22269
   22192
   22323
   22373
   22520
   22261
   22885
   22724
   22850
   22763
   22956
   23432
   23192
   23334
   23430
   23510
   23805
   24168
   24197
   24353
   24761
   24833
   25268
   25974
   26218
   26605
   27209
   27347
   28461
   28919
   29746
   30934
   31971
   32530
   33970
   35156
   36700
   38324
   39970
   41823
   43474
   45726
   48194
   50713
   53246
   56110
   58812
   62069
   65136
   68289
   71482
   75161
   78436
   82412
   85970
   89441
   93357
   96660
  100770
  103751
  107446
  109828
  113315
  115693
  118235
  120259
  121885
  123725
  124783
  124784
  126225
  126202
  125704
  125471
  123719
  122494
  120677
  118672
  117011
  113566
  111882
  108425
  105358
  102227
   99059
   95461
   91645
   87763
   84601
   80526
   76898
   73718
   69879
   65996
   62694
   59890
   56737
   53203
   50361
   47552
   44821
   42550
   40221
   37753
   35205
   32983
   31476
   29199
   27820
   26175
   24651
   23079
   21591
   20403
   19302
   18296
   17217
   16250
   15291
   14268
   13706
   12824
   12238
   11571
   10896
   10452
    9882
    9570
    9036
    8609
    8245
    8015
    7737
    7325
    7043
    6928
    6709
    6459
    6235
    6092
    5903
    5863
    5635
    5448
    5418
    5278
    5305
    5092
    5155
    4946
    5064
    4880
    4926
    4855
    4729
    4613
    4634
    4629
    4586
    4512
    4608
    4452
    4458
    4401
    4326
    4416
    4359
    4333
    4345
    4398
    4149
    4328
    4116
    4232
    4378
    4261
    4151
    4074
    4123
    4093
    4187
    4136
    4131
    4211
    4111
    4113
    4191
    4055
    3918
    4014
    3824
    3940
    3963
    4020
    3970
    3884
    3851
    3910
    3835
    3864
    3951
    3837
    3824
    3904
    3781
    3774
    3846
    3725
    3710
    3835
    3706
    3767
    3668
    3717
    3672
    3750
    3725
    3650
    3610
    3585
    3686
    3657
    3696
    3583
    3655
    3648
    3537
    3637
    3564
    3655
    3460
    3578
    3450
    3356
    3485
    3437
    3476
    3429
    3397
    3426
    3285
    3327
    3409
    3427
    3506
    3347
    3443
    3395
    3380
    3348
    3355
    3288
    3382
    3249
    3264
    3151
    3434
    3321
    3380
    3363
    3320
    3255
    3309
    3237
    3338
    3295
    3140
    3182
    3324
    3200
    3226
    3236
    3219
    3208
    3163
    3167
    3137
    3158
    3091
    3185
    3044
    3153
    3100
    3025
    3166
    2992
    3058
    3016
    3055
    3062
    3121
    2977
    2993
    3027
    3041
    2984
    2955
    2899
    2839
    2952
    2885
    2923
    2864
    2791
    2861
    2798
    2810
    2835
    2830
    2838
    2699
    2850
    2721
    2779
    2774
    2670
    2772
    2666
    2628
    2720
    2684
    2656
    2679
    2696
    2636
    2645
    2614
    2687
    2657
    2595
    2576
    2517
    2566
    2511
    2432
    2466
    2532
    2536
    2551
    2466
    2513
    2436
    2446
    2392
    2492
    2450
    2498
    2358
    2484
    2357
    2351
    2438
    2369
    2423
    2401
    2449
    2370
    2336
    2323
    2253
    2321
    2274
    2266
    2236
    2335
    2330
    2273
    2210
    2276
    2171
    2174
    2214
    2230
    2218
    2277
    2184
    2139
    2225
    2190
    2124
    2115
    2227
    2110
    2089
    2147
    2195
    2036
    2150
    2140
    2161
    2020
    2083
    2001
    2036
    2074
    2094
    2031
    2062
    2025
    1977
    1980
    2005
    1963
    1946
    1932
    1947
    1944
    1912
    1909
    1918
    1950
    1906
    1955
    1868
    1895
    1902
    1857
    1866
    1830
    1827
    1852
    1774
    1800
    1888
    1878
    1834
    1820
    1739
    1713
    1729
    1768
    1738
    1732
    1759
    1812
    1656
    1684
    1670
    1740
    1730
    1663
    1680
    1739
    1742
    1703
    1724
    1695
    1591
    1547
    1605
    1561
    1613
    1580
    1533
    1572
    1539
    1555
    1591
    1484
    1485
    1502
    1483
    1502
    1509
    1480
    1414
    1477
    1444
    1409
    1403
    1455
    1411
    1479
    1409
    1346
    1428
    1344
    1400
    1411
    1403
    1262
    1340
    1348
    1332
    1253
    1344
    1300
    1333
    1352
    1333
    1245
    1251
    1313
    1284
    1217
    1238
    1256
    1236
    1229
    1225
    1175
    1263
    1272
    1181
    1176
    1221
    1188
    1175
    1167
    1189
    1122
    1191
    1100
    1172
    1146
    1148
    1175
    1196
    1151
    1241
    1107
    1170
    1149
    1157
    1119
    1081
    1101
    1149
    1114
    1055
    1088
    1134
    1097
    1079
    1141
    1081
    1067
    1137
    1110
    1100
    1055
    1083
    1099
    1164
    1128
    1107
    1097
    1114
    1095
    1089
    1057
    1051
    1052
    1085
    1088
    1075
    1123
    1096
    1033
    1054
    1057
    1039
    1053
    1141
    1096
    1013
    1087
    1035
    1118
    1092
    1060
    1076
    1117
    1035
    1080
    1050
    1034
    1084
    1056
    1053
    1072
    1082
    1149
    1123
    1122
    1135
    1155
    1030
    1081
    1154
    1084
    1073
    1115
    1152
    1115
    1153
    1154
    1121
    1150
    1162
    1150
    1193
    1159
    1090
    1128
    1144
    1199
    1226
    1195
    1183
    1216
    1218
    1204
    1219
    1194
    1238
    1175
    1174
    1177
    1234
    1224
    1206
    1276
    1245
    1227
    1198
    1187
    1212
    1137
    1239
    1243
    1171
    1210
    1289
    1229
    1193
    1212
    1188
    1181
    1151
    1078
    1125
    1136
    1110
    1034
    1069
    1023
    1043
    1036
    1004
    1006
     972
     944
     905
     893
     948
     810
     869
     865
     785
     837
     760
     718
     689
     684
     706
     675
     676
     628
     644
     575
     533
     536
     505
     551
     483
     498
     450
     421
     402
     364
     399
     408
     386
     405
     358
     316
     331
     291
     282
     277
     253
     239
     255
     269
     260
     236
     238
     203
     232
     200
     194
     208
     192
     207
     200
     198
     173
     189
     147
     160
     174
     160
     160
     158
     178
     158
     139
     146
     137
     139
     142
     145
     142
     125
     117
     122
     129
     127
     146
     150
     117
     139
     140
     125
     114
     125
     147
     126
     146
     135
     103
     135
      83
     132
     113
     124
     116
     111
     124
     124
     113
     105
     117
     115
     117
     118
      96
      71
     109
      90
     118
     106
     105
     101
     103
     100
     106
     100
     109
     109
     103
     108
     107
      84
     105
      95
     112
      98
     101
     113
     112
     103
      98
      93
     102
      93
      78
     111
      91
      86
      91
     101
      90
     101
      87
      93
      87
     106
      97
      97
      85
      92
      92
      88
      83
      79
      87
      87
      91
      94
      97
      81
      89
      74
      80
      77
      82
      85
      93
      73
      91
      88
      89
      83
      65
      86
      58
      76
      62
      75
      70
      78
      61
      75
      75
      78
      74
      70
      67
      64
      72
      84
      78
      63
      78
      65
      72
      63
      62
      67
      70
      65
      68
      64
      73
      72
      68
      60
      72
      70
      66
      49
      61
      62
      73
      67
      62
      77
      57
      64
      67
      57
      36
      52
      65
      53
      58
      51
      65
      45
      51
      55
      50
      52
      61
      62
      54
      44
      56
      53
      57
      58
      55
      56
      64
      56
      61
      49
      49
      69
      54
      53
      58
      70
      49
      51
      54
      49
      51
      46
      56
      59
      37
      53
      58
      64
      46
      50
      41
      45
      48
      56
      59
      48
      62
      48
      46
      47
      34
      53
      48
      59
      47
      42
      37
      32
      40
      49
      42
      48
      50
      49
      43
      49
      56
      31
      37
      40
      51
      44
      43
      45
      53
      44
      33
      34
      33
      43
      33
      42
      47
      31
      36
      32
      36
      48
      53
      35
      34
      37
      36
      34
      47
      35
      45
      32
      37
      33
      39
      31
      27
      36
      30
      32
      34
      37
      34
      35
      32
      37
      35
      34
      39
      32
      41
      36
      38
      27
      43
      29
      26
      34
      28
      34
      29
      34
      25
      31
      30
      32
      26
      24
      26
      32
      31
      27
      24
      28
      29
      30
      35
      25
      33
      31
      29
      17
      30
      23
      20
      25
      25
      24
      29
      23
      22
      28
      22
      26
      17
      23
      21
      28
      21
      30
      38
      21
      29
      22
      29
      25
      16
      22
      13
      23
      20
      22
      32
      22
      25
      22
      13
      17
      16
      24
      17
      28
      23
      18
      19
      32
      21
      17
      18
      19
      20
      10
      19
      22
      15
      20
      12
      18
      16
      23
      21
      15
      13
      25
      13
      15
      23
      19
      17
      26
      16
      19
      11
      22
      14
      21
      19
      16
      17
      17
      10
      10
      18
      12
      22
      17
      14
      10
      19
      20
      16
      12
      11
      12
      17
      17
      18
      10
      12
      14
      12
      21
      16
      16
      16
      17
      18
      12
      13
      16
      11
      14
      16
      13
      12
      11
      19
      26
      11
      19
      12
      18
      10
      15
      12
      17
      13
      11
      14
      10
      12
      16
      14
      16
      15
      13
      14
       9
      13
      11
       7
      14
      13
      18
      14
       9
      14
       4
      16
      16
       8
      12
      18
      10
      10
       7
      10
      15
      12
      14
      13
      12
       8
      11
      13
       9
      12
      10
      10
      13
      10
       6
       9
       6
       8
      17
      11
       5
      10
      10
      14
      15
      10
       9
       7
       6
       9
       4
       7
       6
      10
       9
       9
       7
       9
       8
       7
       9
       6
       7
       7
      12
       5
       4
       3
      12
      14
       6
       4
       3
      10
       3
       8
       6
       5
       8
       3
       2
       5
      13
       1
       5
       2
       4
       4
       2
       1
       6
       7
       2
       2
       3
       4
       5
       5
       3
       4
       3
       1
       4
       3
       1
       6
       1
       5
       3
       2
       2
       2
       3
       3
       6
       2
       4
       1
       2
       3
       2
       1
       4
       2
       2
       1
       3
       5
       2
       1
       1
       2
       3
       2
       2
       0
       3
       2
       3
       1
       0
       1
       3
       2
       1
       2
       1
       4
       1
       4
       2
       2
       2
       2
       2
       0
       1
       3
       0
       2
       0
       1
       2
       1
       1
       1
       6
       2
       0
       3
       3
       2
       2
       2
       5
       2
       1
       0
       2
       2
       3
       1
       1
       1
       1
       2
       1
       2
       3
       3
       2
       0
       1
       1
       0
       2
       1
       2
       2
       1
       1
       3
       2
       1
       1
       1
       1
       5
       2
       2
       1
       1
       1
       2
       1
       3
       0
       4
       3
       0
       1
       1
       2
       3
       0
       4
       1
       2
       1
       2
       0
       0
       5
       1
       0
       2
       1
       1
       1
       0
       0
       2
       3
       2
       1
       4
       0
       4
       2
       3
       2
       2
       2
       1
       0
       2
       0
       2
       2
       3
       1
       2
       1
       2
       1
       1
       2
       3
       2
       0
       1
       2
       0
       2
       1
       1
       2
       0
       2
       1
       2
       0
       2
       2
       1
       1
       2
       1
       2
       2
       1
       1
       2
       1
       2
       2
       2
       3
       1
       1
       1
       1
       0
       0
       1
       3
       0
       1
       1
       0
       1
       0
       0
       1
       0
       1
       0
       1
       0
       0
       2
       0
       1
       0
       0
       0
       0
       1
       2
       2
       1
       0
       0
       0
       0
       0
       2
       2
       1
       0
       1
       0
       0
       1
       0
       0
       0
       0
       0
       0
       0
       0
       0
       0
       0
       0
       0
       0
       0
       0
       0
       0
       0
       0
       0
       0
       0
       0
       0
       0
       0
       0
       0
       0
       0
       0
       0
       0
       0
       0
       0
       0
       0
       0
       0
       0
$ROI:
2
19 26
525 614
$PRESETS:
Live Time
300
0
$ENER_FIT:
10.762343 1.140768
$MCA_CAL:
3
1.076234E+001 1.140768E+000 0.000000E+000 keV
$SHAPE_CAL:
3
0.000000E+000 0.000000E+000 0.000000E+000
