$SPEC_ID:
No sample description was entered.
$SPEC_REM:
DET# 1
DETDESC# Plastic
AP# Maestro Version 6.08
$DATE_MEA:
09/24/2019 13:36:42
$MEAS_TIM:
300 301
$DATA:
0 2047
       0
       0
       0
       0
       0
       0
       0
       0
       0
       0
      53
    1439
   12414
    9243
    2954
    2066
    1935
    1843
    1865
    1738
    1725
    1666
    1652
    1625
    1527
    1624
    1598
    1584
    1611
    1642
    1614
    1448
    1216
    1149
    1137
    1287
    1380
    1408
    2031
    2297
    1900
    1148
     937
    1416
    1804
    1476
     787
     319
     202
     211
     188
     139
     161
     149
     137
     138
     163
     150
     167
     157
     174
     173
     166
     153
     152
     179
     176
     198
     205
     188
     200
     210
     232
     203
     197
     209
     186
     185
     201
     167
     194
     180
     193
     176
     182
     192
     198
     202
     180
     174
     173
     171
     184
     177
     193
     201
     185
     179
     200
     197
     164
     201
     186
     203
     190
     205
     200
     199
     192
     195
     190
     211
     202
     204
     189
     191
     222
     196
     192
     180
     184
     180
     184
     201
     193
     199
     189
     176
     176
     229
     208
     198
     205
     199
     208
     221
     195
     209
     191
     202
     187
     188
     184
     213
     190
     184
     190
     212
     196
     197
     185
     191
     181
     182
     187
     172
     167
     181
     174
     183
     208
     212
     174
     207
     195
     167
     162
     213
     181
     182
     157
     183
     184
     161
     175
     153
     150
     194
     181
     189
     191
     182
     170
     189
     167
     173
     174
     174
     171
     164
     156
     189
     189
     189
     173
     165
     165
     196
     165
     176
     151
     169
     191
     194
     165
     165
     160
     173
     186
     170
     167
     145
     172
     183
     157
     170
     161
     157
     143
     205
     155
     128
     152
     142
     134
     135
     131
     149
     147
     129
     152
     160
     146
     141
     134
     138
     144
     146
     136
     136
     138
     136
     143
     117
     137
     117
     136
     118
     125
     129
     146
     138
     135
     115
     136
     125
     147
     122
     135
     136
     128
     124
     145
     122
     131
     104
     134
     111
     120
     129
     121
     106
     126
     120
     120
     141
     124
     131
     121
     139
     119
     103
     107
     103
     100
     127
     120
     111
     109
     109
     118
     115
     107
     118
     106
     119
     100
     108
     114
      98
      95
      96
     118
     116
     100
     112
     104
     113
      88
      97
      94
      95
     121
     112
     105
      93
      91
      90
      99
     117
      82
      87
      89
     106
     101
      94
      74
      82
      92
      97
      88
      99
      78
      90
      89
      98
      82
      81
      83
     103
      88
      73
      84
      73
      94
      86
      81
     103
      73
      91
     101
      86
     103
      87
      88
      77
      82
      86
      81
      91
      86
      75
      81
      87
      85
      82
      96
      70
      75
      77
      95
      79
      95
      81
      70
      77
      70
      78
      74
      79
      90
      87
      69
      98
      92
      81
      65
      81
      73
      65
      69
      88
      76
      88
      86
      82
      79
      59
      62
      73
      66
      86
      58
      82
      60
      89
      91
      74
      75
      64
      64
      78
      77
      60
      72
      73
      83
      92
      71
      57
      74
      68
      71
      61
      84
      72
      71
      74
      75
      67
      94
      72
      60
      67
      63
      65
      68
      65
      76
      60
      65
      68
      92
      75
      67
      76
      70
      75
      56
      72
      70
      61
      80
      81
      74
      75
      70
      62
      71
      74
      69
      62
      74
      70
      69
      74
      70
      85
      51
      67
      65
      65
      72
      60
      62
      58
      74
      62
      65
      67
      69
      62
      60
      69
      57
      75
      63
      66
      61
      56
      65
      72
      88
      81
      61
      60
      60
      68
      70
      73
      66
      57
      67
      72
      64
      66
      63
      62
      74
      70
      55
      60
      62
      78
      70
      70
      60
      49
      67
      57
      66
      57
      50
      58
      65
      57
      68
      69
      55
      71
      54
      59
      53
      56
      68
      63
      59
      71
      58
      53
      61
      56
      68
      65
      76
      67
      61
      54
      83
      68
      66
      63
      70
      76
      79
      59
      53
      69
      61
      79
      66
      60
      71
      65
      82
      62
      61
      68
      80
      82
      73
      62
      59
      59
      60
      62
      52
      74
      71
      66
      57
      50
      63
      58
      72
      55
      51
      78
      52
      71
      65
      59
      60
      59
      64
      53
      59
      58
      57
      48
      51
      57
      62
      47
      59
      51
      72
      62
      51
      55
      59
      68
      53
      59
      64
      53
      59
      51
      57
      61
      60
      41
      69
      59
      81
      63
      48
      50
      47
      60
      50
      54
      58
      65
      45
      51
      57
      67
      51
      65
      61
      52
      49
      58
      65
      59
      61
      60
      55
      57
      72
      64
      61
      53
      69
      55
      65
      54
      63
      70
      55
      70
      61
      44
      72
      62
      66
      46
      61
      64
      56
      53
      72
      68
      64
      78
      56
      54
      53
      62
      64
      77
      68
      43
      75
      68
      56
      60
      55
      54
      55
      66
      65
      59
      56
      63
      48
      68
      68
      66
      60
      65
      55
      54
      61
      55
      69
      57
      65
      58
      68
      72
      68
      54
      58
      61
      54
      67
      49
      66
      61
      59
      53
      60
      62
      51
      60
      62
      61
      76
      55
      56
      60
      52
      49
      69
      63
      66
      61
      64
      49
      46
      51
      71
      63
      66
      52
      57
      53
      63
      74
      59
      60
      72
      67
      80
      72
      60
      54
      65
      65
      65
      75
      68
      58
      64
      77
      66
      69
      74
      53
      44
      60
      77
      65
      55
      63
      72
      68
      63
      70
      61
      74
      65
      76
      57
      55
      46
      53
      60
      56
      61
      61
      58
      57
      40
      58
      54
      56
      64
      40
      49
      60
      42
      53
      54
      58
      47
      44
      47
      66
      57
      50
      49
      40
      46
      53
      45
      46
      37
      42
      43
      48
      36
      45
      50
      42
      40
      41
      40
      47
      46
      49
      38
      29
      53
      52
      33
      35
      43
      54
      36
      45
      30
      55
      34
      47
      45
      45
      43
      41
      42
      36
      35
      39
      50
      38
      30
      37
      51
      34
      43
      25
      50
      51
      54
      29
      40
      31
      41
      37
      34
      35
      42
      37
      43
      31
      42
      48
      37
      40
      40
      42
      43
      34
      36
      48
      38
      32
      40
      38
      36
      29
      30
      48
      41
      39
      51
      30
      40
      38
      36
      26
      35
      43
      22
      37
      40
      39
      34
      40
      24
      36
      46
      26
      28
      35
      31
      34
      26
      31
      26
      28
      36
      25
      30
      25
      21
      28
      23
      23
      23
      30
      25
      20
      19
      25
      25
      22
      30
      24
      30
      35
      19
      31
      33
      24
      34
      43
      37
      33
      43
      53
      37
      43
      52
      41
      52
      44
      59
      70
      63
      66
      68
      77
      70
      77
     101
      80
      80
      77
     111
     110
     100
     124
     123
     106
     101
     155
     121
     132
     147
     129
     139
     125
     134
     151
     138
     134
     153
     144
     159
     156
     163
     159
     147
     141
     153
     154
     144
     128
     163
     139
     131
     127
     110
     113
     124
     104
     111
     110
      92
      96
     100
      89
      81
      99
      83
      47
      79
      70
      59
      55
      47
      54
      50
      36
      40
      36
      33
      31
      27
      27
      29
      28
      25
      18
      15
      17
      15
      12
      13
      10
      16
      14
      14
      10
       8
       8
       8
       6
       7
       8
       7
      14
       7
      10
       4
      10
       5
       9
       7
       4
       7
       7
       6
       8
      14
       9
      11
       8
      10
       7
      15
      14
      12
      13
      20
      15
      19
      24
      23
      20
      19
      16
      21
      25
      32
      32
      37
      39
      40
      35
      46
      46
      50
      46
      60
      65
      58
      56
      72
      60
      84
      84
      93
      90
     101
     100
      63
     104
      99
      82
      99
     102
     114
      94
     111
     111
     123
     125
     104
     115
     124
     130
      97
     126
     118
     122
     123
     111
     127
     114
      94
     110
      98
      91
     123
      92
      91
     102
      77
      97
      80
      96
      74
      71
      69
      71
      61
      61
      59
      38
      54
      64
      50
      38
      35
      47
      35
      37
      29
      31
      26
      28
      23
      19
      23
      19
      27
      26
      18
      12
      10
      16
      14
      12
      14
      14
      13
      11
      10
       5
       6
       5
      13
       3
       9
       2
       5
       7
       3
       3
       4
       3
       3
       2
       2
       4
       5
       2
       1
       6
       4
       3
       5
       3
       2
       3
       4
       6
       0
       4
       4
       2
       4
       1
       2
       3
       4
       4
       4
       7
       7
       5
       2
       3
       3
       7
       7
       3
       3
       5
       1
       8
       2
       5
       5
       4
       2
       8
       5
       3
       3
       5
       2
       2
       3
       4
       3
       7
       6
       4
       4
       4
       5
       0
       2
       5
       3
       3
       4
       3
       0
       4
       2
       2
       6
       2
       0
       2
       0
       6
       1
       3
       5
       2
       0
       2
       2
       2
       4
       1
       1
       1
       5
       4
       5
       3
       0
       1
       3
       1
       0
       2
       0
       0
       0
       0
       1
       2
       1
       0
       1
       0
       0
       1
       0
       0
       2
       1
       4
       0
       1
       1
       2
       0
       1
       3
       3
       0
       3
       2
       2
       0
       1
       1
       1
       0
       0
       1
       1
       4
       2
       1
       2
       1
       0
       0
       2
       1
       2
       0
       1
       3
       2
       0
       0
       1
       0
       2
       1
       3
       0
       2
       1
       1
       4
       2
       1
       0
       1
       2
       1
       1
       2
       0
       0
       0
       1
       1
       0
       1
       1
       0
       1
       2
       1
       1
       1
       0
       0
       1
       0
       2
       2
       1
       0
       1
       0
       0
       0
       2
       2
       1
       0
       0
       0
       1
       2
       1
       0
       0
       1
       0
       0
       0
       2
       1
       1
       1
       1
       1
       1
       1
       2
       0
       1
       1
       0
       0
       0
       0
       3
       0
       0
       0
       0
       0
       1
       0
       1
       0
       3
       0
       0
       0
       0
       0
       0
       0
       0
       1
       2
       0
       1
       3
       1
       2
       1
       0
       2
       2
       0
       1
       0
       1
       1
       0
       2
       1
       2
       2
       0
       0
       1
       1
       1
       2
       0
       2
       1
       0
       1
       0
       2
       0
       0
       0
       0
       0
       0
       0
       1
       0
       1
       0
       2
       0
       2
       0
       1
       0
       1
       1
       0
       1
       2
       2
       0
       1
       1
       4
       0
       0
       1
       0
       0
       0
       1
       1
       3
       0
       1
       0
       2
       1
       0
       2
       1
       1
       2
       1
       2
       1
       0
       0
       1
       0
       0
       2
       0
       0
       1
       0
       1
       0
       1
       0
       1
       1
       2
       1
       2
       1
       1
       1
       0
       0
       0
       4
       1
       2
       1
       1
       4
       0
       1
       0
       2
       0
       0
       0
       0
       0
       1
       1
       0
       1
       0
       2
       0
       0
       0
       0
       1
       1
       1
       0
       2
       2
       1
       2
       1
       0
       1
       1
       0
       1
       0
       0
       0
       2
       0
       1
       1
       1
       0
       0
       0
       0
       0
       0
       1
       1
       0
       0
       0
       0
       0
       1
       0
       0
       0
       0
       0
       0
       0
       1
       0
       0
       0
       1
       0
       0
       0
       0
       0
       1
       1
       1
       0
       0
       0
       1
       0
       1
       0
       1
       0
       0
       0
       0
       0
       1
       1
       0
       3
       0
       1
       0
       0
       0
       1
       0
       0
       2
       0
       0
       0
       0
       0
       0
       0
       0
       1
       0
       0
       0
       1
       0
       1
       0
       0
       0
       0
       0
       0
       0
       0
       1
       0
       0
       0
       1
       1
       0
       1
       0
       0
       0
       0
       0
       0
       0
       0
       0
       0
       1
       0
       0
       0
       0
       0
       0
       0
       0
       1
       1
       0
       0
       1
       0
       0
       1
       0
       0
       0
       0
       0
       0
       0
       0
       0
       0
       0
       1
       0
       0
       0
       0
       0
       0
       0
       1
       1
       0
       0
       0
       0
       0
       0
       1
       1
       0
       0
       0
       0
       2
       0
       1
       1
       0
       0
       1
       0
       0
       0
       0
       1
       1
       0
       1
       1
       1
       0
       0
       0
       0
       0
       0
       0
       0
       0
       0
       0
       0
       0
       0
       0
       1
       0
       2
       0
       0
       1
       1
       2
       1
       3
       0
       1
       2
       0
       1
       0
       0
       1
       0
       1
       0
       1
       0
       0
       1
       0
       1
       0
       1
       1
       0
       0
       0
       1
       1
       0
       0
       0
       2
       1
       0
       0
       0
       1
       0
       0
       0
       0
       0
       0
       0
       1
       1
       0
       0
       0
       1
       0
       0
       0
       0
       0
       1
       0
       2
       0
       0
       0
       1
       0
       0
       1
       0
       1
       0
       1
       0
       1
       1
       0
       0
       0
       1
       0
       0
       0
       1
       0
       0
       0
       0
       1
       0
       0
       1
       0
       1
       0
       0
       0
       0
       0
       0
       0
       2
       0
       1
       0
       1
       0
       0
       0
       0
       0
       1
       0
       0
       0
       0
       0
       0
       0
       0
       0
       1
       0
       0
       1
       1
       0
       1
       0
       0
       0
       0
       0
       2
       1
       0
       0
       0
       0
       2
       0
       1
       1
       1
       0
       0
       1
       0
       0
       0
       0
       1
       0
       0
       0
       0
       0
       0
       1
       0
       0
       0
       1
       0
       0
       0
       0
       0
       0
       0
       0
       0
       0
       0
       1
       0
       0
       1
       0
       0
       0
       0
       0
       0
       0
       0
       0
       0
       0
       0
       0
       0
       0
       0
       3
       0
       1
       0
       0
       0
       0
       0
       0
       0
       1
       0
       0
       0
       0
       0
       0
       0
       0
       0
       0
       0
       0
       0
       0
       0
       0
       0
       0
       0
       0
       0
       0
       0
       0
       0
       0
       0
       0
       0
       0
       0
       0
       0
       0
       0
       0
       0
       0
       0
       0
       0
       0
       0
       0
       0
       0
       0
       0
       0
       0
       0
       0
       0
       0
       0
       0
       0
       0
       0
       0
$ROI:
0
$PRESETS:
Live Time
300
0
$ENER_FIT:
0.000000 1.180081
$MCA_CAL:
3
0.000000E+000 1.180081E+000 0.000000E+000 keV
$SHAPE_CAL:
3
0.000000E+000 0.000000E+000 0.000000E+000
