$SPEC_ID:
No sample description was entered.
$SPEC_REM:
DET# 1
DETDESC# Plastic
AP# Maestro Version 6.08
$DATE_MEA:
09/24/2019 14:04:13
$MEAS_TIM:
300 324
$DATA:
0 2047
       0
       0
       0
       0
       4
       1
       3
       5
      10
      37
     849
   16958
   95058
   53518
   63753
   61657
   92239
  141308
  118318
   51810
   22662
   18069
   16655
   15617
   15360
   14839
   14421
   13948
   14097
   13685
   13746
   13698
   13742
   12970
   11760
    9363
    7482
    6895
    8359
   10451
   12446
   18875
   25088
   22731
   13032
    6353
    4128
    3657
    3365
    3282
    3058
    3012
    2986
    2743
    2699
    2651
    2660
    2593
    2669
    2698
    2680
    2555
    2484
    2365
    2397
    2497
    2558
    2808
    2964
    3004
    3189
    3216
    3122
    2974
    2800
    2693
    2641
    2607
    2561
    2510
    2627
    2531
    2520
    2475
    2356
    2261
    2381
    2328
    2248
    2226
    2326
    2260
    2170
    2197
    2268
    2251
    2314
    2253
    2367
    2273
    2257
    2381
    2345
    2295
    2326
    2366
    2338
    2396
    2440
    2429
    2451
    2405
    2440
    2489
    2460
    2463
    2566
    2451
    2444
    2472
    2513
    2517
    2582
    2482
    2603
    2527
    2523
    2491
    2585
    2554
    2611
    2605
    2646
    2560
    2634
    2508
    2575
    2561
    2646
    2580
    2558
    2568
    2656
    2670
    2628
    2727
    2703
    2758
    2835
    2768
    2734
    2898
    2826
    2891
    2853
    2983
    2963
    2988
    3041
    3140
    3133
    3043
    3100
    3081
    3030
    2926
    3088
    3106
    2981
    3025
    2898
    3044
    3046
    2915
    2997
    3045
    3014
    2912
    2983
    2966
    2999
    3022
    3020
    2916
    2977
    2932
    3032
    2960
    2956
    2942
    2943
    2885
    2883
    2987
    2939
    2941
    3020
    2870
    2879
    2946
    2952
    2903
    2921
    2805
    2865
    2866
    2935
    2948
    2947
    2871
    2835
    2814
    2768
    2765
    2782
    2849
    2821
    2745
    2813
    2794
    2880
    2706
    2763
    2775
    2745
    2741
    2855
    2690
    2660
    2700
    2796
    2706
    2698
    2573
    2679
    2667
    2516
    2588
    2720
    2645
    2620
    2564
    2618
    2640
    2663
    2583
    2631
    2607
    2610
    2560
    2566
    2624
    2698
    2639
    2691
    2551
    2641
    2651
    2610
    2576
    2690
    2600
    2573
    2538
    2547
    2572
    2685
    2570
    2596
    2587
    2532
    2640
    2531
    2489
    2584
    2388
    2430
    2323
    2367
    2403
    2347
    2268
    2303
    2110
    2221
    2156
    2065
    2093
    2005
    1913
    1852
    1893
    1822
    1794
    1732
    1714
    1668
    1668
    1658
    1651
    1553
    1522
    1581
    1556
    1511
    1503
    1465
    1462
    1448
    1406
    1382
    1404
    1339
    1347
    1344
    1388
    1371
    1333
    1338
    1375
    1323
    1218
    1344
    1279
    1319
    1299
    1286
    1231
    1276
    1284
    1288
    1293
    1252
    1261
    1233
    1231
    1246
    1205
    1265
    1193
    1204
    1238
    1169
    1186
    1150
    1155
    1128
    1109
    1134
    1054
    1140
    1136
    1161
    1144
    1132
    1123
    1141
    1123
    1121
    1156
    1116
    1108
    1054
    1169
    1107
    1098
    1133
    1025
    1137
    1088
    1019
    1043
    1093
    1128
    1069
    1068
    1069
    1106
    1068
    1088
    1030
    1011
    1057
    1022
    1034
    1063
    1050
    1071
     992
    1006
    1077
    1058
    1050
    1023
     972
    1073
    1049
    1022
    1109
    1027
    1103
    1104
    1202
    1278
    1288
    1464
    1449
    1527
    1745
    1958
    1959
    2218
    2478
    2629
    3039
    3317
    3723
    4049
    4511
    5003
    5390
    5941
    6519
    7176
    7586
    8210
    8813
    9339
    9909
   10584
   11120
   11675
   12313
   12795
   13170
   13689
   14017
   14233
   14304
   14426
   14493
   14573
   14307
   14274
   14197
   13719
   13395
   12931
   12413
   11755
   11208
   10551
    9877
    9363
    8641
    7908
    7257
    6698
    6162
    5578
    5061
    4507
    3985
    3570
    3160
    2851
    2495
    2251
    2041
    1740
    1594
    1343
    1320
    1153
     964
     969
     870
     791
     745
     722
     600
     653
     563
     600
     588
     543
     531
     564
     531
     522
     543
     535
     527
     487
     498
     498
     462
     462
     513
     437
     508
     481
     456
     492
     488
     458
     470
     463
     496
     495
     499
     450
     437
     484
     446
     440
     497
     474
     456
     486
     464
     466
     422
     469
     450
     451
     453
     476
     441
     426
     489
     456
     438
     465
     459
     458
     452
     445
     429
     451
     443
     432
     453
     434
     470
     453
     448
     438
     440
     424
     437
     454
     472
     436
     473
     455
     461
     454
     452
     456
     400
     438
     466
     416
     456
     462
     488
     457
     430
     429
     429
     443
     440
     459
     441
     436
     430
     453
     422
     439
     428
     452
     452
     423
     451
     462
     398
     425
     425
     424
     457
     465
     430
     407
     423
     439
     441
     424
     463
     439
     412
     416
     429
     437
     449
     441
     447
     443
     394
     447
     416
     425
     451
     422
     422
     401
     481
     433
     433
     402
     435
     427
     459
     455
     407
     430
     413
     377
     460
     448
     473
     420
     432
     439
     476
     411
     419
     477
     462
     459
     412
     463
     428
     427
     407
     444
     466
     408
     419
     420
     440
     439
     423
     439
     453
     460
     427
     449
     437
     419
     456
     436
     477
     437
     441
     419
     458
     451
     429
     443
     420
     419
     456
     426
     410
     438
     415
     440
     430
     410
     426
     447
     443
     427
     421
     436
     453
     435
     434
     422
     456
     395
     452
     433
     476
     458
     434
     433
     411
     407
     440
     453
     440
     414
     422
     451
     385
     412
     422
     453
     417
     430
     409
     414
     437
     387
     426
     424
     421
     419
     444
     410
     431
     436
     410
     448
     419
     395
     429
     427
     394
     415
     411
     436
     419
     430
     434
     436
     471
     402
     443
     435
     421
     417
     439
     438
     415
     435
     431
     469
     409
     412
     407
     427
     426
     409
     412
     436
     437
     474
     450
     430
     453
     429
     431
     487
     424
     449
     447
     455
     494
     442
     429
     462
     444
     418
     483
     423
     442
     461
     426
     448
     472
     444
     446
     449
     483
     449
     424
     479
     444
     458
     445
     464
     456
     428
     453
     492
     431
     438
     428
     440
     485
     452
     441
     456
     459
     448
     448
     462
     460
     488
     482
     459
     479
     471
     490
     459
     465
     457
     470
     503
     506
     479
     478
     505
     465
     463
     504
     485
     492
     504
     489
     497
     526
     568
     524
     488
     475
     474
     485
     470
     497
     478
     530
     478
     514
     479
     509
     482
     510
     502
     484
     434
     488
     504
     450
     485
     470
     443
     454
     452
     492
     478
     463
     427
     432
     399
     422
     416
     459
     424
     415
     420
     362
     401
     360
     378
     397
     389
     373
     340
     344
     356
     355
     348
     332
     302
     313
     311
     295
     319
     309
     250
     272
     287
     264
     249
     270
     292
     242
     238
     229
     232
     235
     240
     220
     214
     221
     222
     201
     194
     192
     227
     191
     187
     220
     205
     162
     177
     187
     170
     192
     167
     170
     172
     170
     139
     162
     138
     156
     152
     149
     154
     138
     163
     150
     149
     151
     124
     119
     150
     152
     118
     153
     138
     140
     113
     127
     142
     132
     122
     112
     135
     121
     106
     112
     110
     106
     114
      85
     106
      99
     114
     114
      97
     117
      97
      98
      92
     102
     101
      95
      95
      98
      84
      91
      84
      86
      80
      79
      86
     101
      84
      73
      91
      81
      74
      74
      77
      77
      91
      69
      78
      71
      72
      80
      69
      88
      63
      85
      74
      67
      66
      78
      79
      81
      64
      86
      73
      95
      75
      89
      93
      79
      74
      98
     104
     123
     104
     115
     113
     128
     147
     147
     184
     167
     184
     211
     206
     243
     233
     268
     315
     302
     352
     383
     416
     411
     449
     497
     491
     557
     563
     680
     666
     717
     757
     809
     787
     883
     926
     970
    1036
    1154
    1128
    1141
    1185
    1277
    1254
    1278
    1440
    1415
    1509
    1514
    1599
    1541
    1590
    1620
    1696
    1691
    1687
    1753
    1735
    1759
    1772
    1871
    1821
    1812
    1812
    1696
    1847
    1753
    1677
    1619
    1653
    1570
    1604
    1625
    1553
    1475
    1464
    1393
    1387
    1395
    1268
    1238
    1137
    1104
    1051
     934
     999
     991
     870
     904
     797
     758
     772
     699
     636
     606
     589
     522
     497
     445
     481
     411
     366
     375
     335
     292
     268
     250
     234
     230
     210
     182
     159
     152
     173
     130
     124
     112
      79
     103
      89
      86
      79
      72
      73
      61
      50
      45
      58
      44
      45
      41
      30
      35
      30
      30
      24
      31
      22
      35
      33
      18
      25
      23
      17
      21
      20
      23
      24
      17
      27
      25
      27
      27
      20
      17
      21
      19
      21
      20
      26
      23
      19
      12
      11
      18
      15
      25
      29
      25
      25
      17
      23
      19
      20
      25
      15
      21
      29
      19
      14
      22
      19
      15
      17
      20
      19
      19
      22
      24
      25
      18
      16
      24
      16
      17
      25
      22
      22
      16
      20
      22
      25
      15
      14
      20
      19
      23
      17
      25
      20
      19
      18
      22
      23
      25
      16
      19
      16
      22
      24
      19
      21
      23
      21
      17
      23
      17
      23
      22
      16
      11
      19
      26
      21
      25
      21
      20
      18
      20
      14
      18
      17
      21
      26
      10
      20
      21
      15
      23
      20
      18
      22
      16
      23
      23
      30
      18
      16
      14
      15
      22
      19
      23
      17
      15
      11
      19
      20
      15
      24
      23
      10
      17
      16
      11
      21
      22
      10
      16
      14
      18
       7
      15
      15
      17
      16
       6
      24
      10
      12
      18
      12
      18
      12
      12
      16
      15
      12
      21
      20
      18
       9
      13
      12
      12
      17
      13
      14
      16
      10
      14
      17
      11
      14
      11
      10
      15
      17
      13
      15
      10
      12
      13
       9
      12
      13
      14
      11
      13
      18
      12
      10
      18
      11
      10
      10
      12
       9
       9
       8
      11
      12
       9
       8
      13
       7
       8
       8
      18
       9
       8
      13
       8
       6
       8
      12
       9
       7
       9
       9
      11
       6
      11
      10
      13
       3
       8
      11
       6
       9
      15
       9
       4
      15
      10
      10
       3
       7
       2
       9
       5
       9
       8
       8
       4
       4
       6
       8
       7
      11
       9
       4
       3
      11
      10
       7
       9
       6
       2
       5
       3
       3
      11
       5
       6
       7
       4
       5
       3
       9
       3
       4
       9
       6
       7
       8
       9
      11
       6
       5
       3
       4
       3
       5
       7
       7
       5
       6
       2
       2
       4
       5
       2
       9
      12
       3
       4
      11
       3
       6
       4
       8
       1
       4
       7
       4
       5
       7
       5
       6
       5
       8
       3
       4
      15
       7
       4
       8
       6
       7
       9
       5
      12
      10
       5
       7
       9
       7
       7
       5
       7
       6
      10
       8
       9
      10
       8
      12
       9
       9
      11
      12
       6
      13
      11
      16
      15
      26
      14
      15
      14
      20
      20
      18
      12
      21
      20
      26
      16
      16
      17
      20
      17
      24
      10
      17
      13
      22
      20
      17
      23
      22
      25
      19
      21
      22
      19
      16
      19
      19
      20
      23
      22
      19
      19
      25
      26
      23
      21
      22
      22
      10
      16
      16
      12
      21
      14
      13
      16
      10
      13
      10
      12
      18
      12
       9
      12
       5
       6
      14
       6
       4
       6
       4
       9
       7
       5
       6
      11
       7
      11
       7
       5
       4
       6
       6
       4
       5
       3
       2
       2
       3
       4
       5
       2
       1
       4
       2
       3
       0
       2
       3
       3
       2
       2
       0
       2
       0
       1
       0
       1
       1
       1
       0
       0
       2
       1
       0
       1
       1
       3
       1
       1
       0
       0
       2
       2
       1
       0
       1
       0
       0
       1
       0
       0
       2
       1
       2
       1
       3
       2
       0
       1
       0
       1
       0
       1
       1
       4
       0
       0
       1
       3
       1
       0
       0
       0
       2
       0
       1
       0
       2
       1
       1
       0
       2
       2
       3
       0
       0
       0
       2
       0
       0
       1
       2
       1
       0
       1
       4
       1
       1
       1
       0
       1
       0
       0
       1
       0
       0
       1
       0
       2
       1
       2
       2
       1
       0
       1
       0
       0
       0
       0
       0
       0
       0
       1
       0
       1
       0
       0
       4
       1
       0
       1
       0
       0
       0
       1
       0
       4
       1
       0
       1
       1
       0
       2
       1
       0
       0
       0
       1
       0
       4
       2
       0
       1
       1
       0
       0
       0
       0
       0
       1
       2
       2
       0
       0
       2
       2
       2
       0
       2
       1
       0
       1
       1
       0
       1
       2
       1
       1
       1
       0
       0
       2
       0
       0
       0
       0
       3
       1
       1
       2
       1
       2
       0
       1
       0
       0
       2
       0
       0
       3
       0
       0
       0
       1
       3
       3
       0
       2
       1
       2
       0
       1
       0
       0
       1
       1
       0
       0
       2
       0
       0
       1
       0
       3
       0
       0
       0
       0
       0
       1
       1
       2
       0
       0
       2
       1
       2
       2
       0
       0
       4
       0
       0
       3
       1
       0
       0
       0
       1
       1
       0
       0
       1
       3
       1
       1
       0
       1
       1
       1
       2
       0
       1
       0
       1
       4
       0
       3
       1
       0
       1
       0
       0
       1
       0
       2
       1
       0
       0
       1
       0
       0
       1
       0
       2
       2
       0
       2
       1
       0
       1
       0
       0
       2
       1
       1
       0
       1
       2
       0
       0
       1
       2
       0
       1
       0
       0
       1
       1
       0
       0
       0
       1
       0
       0
       1
       0
       1
       1
       0
       0
       0
       1
       1
       1
       0
       1
       0
       1
       0
       0
       0
       1
       0
       0
       2
       0
       0
       0
       1
       0
       1
       0
       0
       0
       0
       0
       0
       3
       0
       2
       0
       1
       1
       3
       0
       0
       0
       0
       0
       1
       0
       1
       0
       0
       1
       0
       1
       0
       0
       1
       0
       1
       2
       0
       1
       1
       0
       1
       0
       3
       1
       2
       1
       0
       0
       1
       1
       0
       1
       0
       0
       1
       0
       1
       0
       2
       0
       1
       1
       1
       0
       0
       0
       0
       0
       1
       0
       0
       2
       1
       0
       0
       2
       0
       0
       1
       0
       1
       0
       1
       1
       0
       0
       0
       1
       0
       0
       0
       0
       0
       0
       0
       0
       0
       0
       0
       0
       0
       0
       0
       0
       0
       0
       0
       0
       0
       0
       0
       0
       0
       0
       0
       0
       0
       0
       0
       0
       0
       0
       0
       0
       0
       0
       0
       0
       0
       0
$ROI:
2
399 477
1010 1145
$PRESETS:
Live Time
300
0
$ENER_FIT:
0.000000 1.180081
$MCA_CAL:
3
0.000000E+000 1.180081E+000 0.000000E+000 keV
$SHAPE_CAL:
3
0.000000E+000 0.000000E+000 0.000000E+000
