$SPEC_ID:
No sample description was entered.
$SPEC_REM:
DET# 1
DETDESC# DESKTOP-PNQJTCJ Easy-MCA-8k SN 09161357
AP# Maestro Version 7.01
$DATE_MEA:
09/24/2019 16:45:43
$MEAS_TIM:
484 693
$DATA:
0 8191
       0
       0
       0
       0
       0
       0
       0
       0
       0
       0
       0
       0
       0
       0
       0
       0
       0
       0
       0
       0
       0
       0
       0
       0
       0
       0
       0
       0
       0
       0
       0
       0
       0
       0
       0
       0
       0
       0
       0
       0
       0
       0
       0
       0
       0
       8
      29
     532
    7088
    4886
    2880
    2738
    3154
    3562
    3929
    4290
    4534
    4660
    4909
    4874
    4722
    4373
    4285
    4246
    4092
    3969
    4149
    4041
    4045
    3986
    3913
    3976
    3981
    3845
    3875
    3902
    3938
    3906
    3934
    3789
    3730
    3781
    3885
    3772
    3787
    3802
    3816
    3741
    3794
    3716
    3716
    3766
    3631
    3747
    3771
    3673
    3795
    3705
    3782
    3833
    3945
    3886
    3894
    3750
    3752
    3698
    3666
    3739
    3578
    3562
    3730
    3730
    3780
    3653
    3605
    3683
    3636
    3705
    3768
    3734
    3788
    3690
    3751
    3770
    3787
    3707
    3853
    3770
    3881
    3878
    3787
    3849
    3957
    3951
    3887
    3883
    3971
    4043
    3984
    4011
    4091
    4181
    4160
    4092
    4121
    4211
    4380
    4607
    4684
    4707
    4549
    4634
    4591
    4701
    4642
    4755
    4769
    4791
    4997
    5091
    5096
    5084
    5389
    5529
    5546
    5558
    5559
    5568
    5524
    5612
    5734
    5889
    5971
    6219
    6342
    6249
    6488
    6508
    6745
    6848
    7024
    7379
    7520
    7896
    8352
    8747
    9469
   10584
   11364
   12588
   14732
   18604
   23315
   25111
   23856
   21220
   20426
   23663
   29505
   31254
   27047
   19047
   12686
    9574
    8133
    7522
    7265
    7154
    7264
    7464
    7645
    7700
    8038
    8195
    8645
    9252
   10081
   11176
   11603
   11978
   11806
   11701
   12763
   14777
   17464
   20161
   20593
   19144
   17790
   18754
   22101
   28987
   35688
   36964
   31139
   24325
   18899
   17734
   20100
   26581
   37154
   46754
   47063
   37223
   23949
   14798
    9643
    7371
    6427
    6036
    5756
    5793
    5819
    5790
    6111
    6452
    7019
    7664
    7947
    7629
    6968
    6458
    6304
    6290
    6519
    6770
    7187
    7757
    8620
   10223
   12849
   15965
   19101
   20615
   19939
   16269
   12413
    9304
    8077
    8106
    8590
    9838
   10040
    9118
    7821
    6543
    5350
    4824
    4591
    4354
    4293
    4313
    4288
    4307
    4184
    4275
    4289
    4418
    4448
    4530
    4366
    3971
    3975
    3916
    3779
    3716
    3770
    3827
    3781
    3700
    3776
    3819
    3676
    3814
    3729
    3713
    3750
    3813
    3838
    3760
    3809
    3972
    3826
    3812
    3917
    3911
    4028
    4003
    4047
    4150
    4190
    4324
    4616
    5136
    5735
    6173
    6193
    5395
    4628
    4233
    4136
    4022
    4029
    4028
    3864
    3778
    3874
    3828
    3885
    3888
    3835
    3753
    3822
    3801
    3842
    3809
    3827
    3781
    3848
    3892
    3751
    3908
    3794
    3820
    3670
    3886
    3756
    3810
    3813
    3776
    3686
    3866
    3810
    3935
    3818
    3704
    3806
    3802
    3989
    3942
    4008
    3912
    3928
    3770
    3721
    3739
    3744
    3792
    3759
    3800
    3743
    3753
    3794
    3833
    3870
    3953
    3942
    3961
    4143
    4334
    4603
    4728
    4386
    4179
    3972
    3791
    3734
    3756
    3580
    3613
    3693
    3658
    3691
    3751
    3627
    3689
    3636
    3696
    3633
    3664
    3591
    3723
    3694
    3667
    3687
    3650
    3693
    3735
    3726
    3776
    3790
    3716
    3815
    3884
    3833
    3775
    3713
    3675
    3577
    3643
    3689
    3682
    3606
    3748
    3638
    3550
    3702
    3674
    3692
    3589
    3734
    3704
    3728
    3664
    3720
    3744
    3720
    3758
    3654
    3804
    3702
    3830
    3655
    3732
    3666
    3735
    3703
    3691
    3704
    3720
    3786
    3646
    3736
    3750
    3781
    3777
    3823
    3897
    3890
    3754
    3718
    3858
    3776
    3841
    3838
    3840
    3748
    3592
    3742
    3626
    3655
    3594
    3581
    3622
    3762
    3569
    3697
    3707
    3749
    3773
    3779
    3617
    3550
    3602
    3574
    3492
    3621
    3490
    3500
    3616
    3528
    3561
    3554
    3456
    3573
    3562
    3634
    3795
    3971
    3952
    3986
    3915
    3721
    3746
    3701
    3586
    3526
    3670
    3691
    3573
    3725
    3829
    3842
    3710
    3863
    3933
    3896
    3853
    4147
    4036
    4300
    4751
    5328
    6522
    8099
    9476
    9427
    7814
    6186
    4868
    4109
    3725
    3594
    3400
    3535
    3567
    3469
    3409
    3369
    3513
    3509
    3501
    3788
    3703
    3627
    3662
    3489
    3378
    3369
    3269
    3302
    3356
    3280
    3322
    3415
    3329
    3402
    3475
    3316
    3398
    3333
    3383
    3496
    3480
    3544
    3430
    3384
    3526
    3432
    3538
    3576
    3636
    3709
    3643
    3839
    3850
    3832
    3950
    4057
    4020
    4051
    4154
    4177
    4289
    4435
    4658
    4752
    4879
    5197
    5470
    5666
    6100
    6684
    7560
    8425
    9911
   11714
   14700
   19063
   26885
   40866
   60625
   75636
   74105
   56639
   36196
   21992
   15219
   13063
   11252
    9005
    6563
    4796
    3847
    3357
    3148
    3032
    2944
    2942
    2874
    2970
    2990
    2872
    2793
    2815
    2922
    2824
    2911
    2777
    2864
    2885
    2852
    2949
    2801
    2858
    2886
    2951
    3033
    3112
    3215
    3149
    2915
    2875
    2817
    2816
    2772
    2750
    2740
    2744
    2713
    2672
    2769
    2789
    2778
    2694
    2632
    2652
    2745
    2661
    2700
    2657
    2689
    2727
    2759
    2676
    2691
    2750
    2829
    2784
    2831
    2739
    2765
    2838
    2775
    2936
    2924
    2930
    3020
    3113
    3299
    3426
    3865
    4479
    5651
    6762
    7647
    7205
    5884
    4533
    3518
    3127
    2888
    2766
    2785
    2689
    2788
    2896
    2974
    3072
    3183
    3452
    3949
    4647
    5576
    5715
    5342
    4454
    3820
    3215
    2993
    2919
    2723
    2556
    2513
    2612
    2637
    2700
    2564
    2726
    2570
    2489
    2492
    2587
    2570
    2564
    2542
    2610
    2679
    2729
    2646
    3006
    2966
    3146
    2880
    2843
    2665
    2699
    2601
    2646
    2602
    2517
    2509
    2564
    2658
    2576
    2612
    2637
    2628
    2669
    2621
    2696
    2716
    2668
    2660
    2840
    2863
    2910
    3026
    3246
    3485
    4130
    4941
    6200
    7101
    6752
    5780
    4452
    3409
    2921
    2777
    2571
    2467
    2411
    2439
    2440
    2400
    2423
    2527
    2259
    2366
    2342
    2412
    2349
    2419
    2391
    2503
    2344
    2403
    2378
    2383
    2318
    2435
    2453
    2343
    2451
    2450
    2360
    2420
    2391
    2341
    2421
    2469
    2367
    2393
    2374
    2392
    2413
    2411
    2400
    2411
    2462
    2389
    2455
    2360
    2441
    2340
    2488
    2508
    2581
    2694
    2739
    2668
    2519
    2492
    2576
    2447
    2542
    2683
    2690
    2765
    3045
    3187
    3390
    3992
    4685
    5817
    6551
    6359
    5338
    4213
    3419
    2948
    2770
    2784
    2732
    2822
    2983
    3043
    3141
    3145
    2901
    2862
    2818
    2926
    3178
    3355
    3766
    4120
    4765
    5732
    7632
   10768
   14591
   17463
   16654
   12909
    8792
    5767
    4141
    3391
    3121
    2847
    2606
    2437
    2360
    2240
    2281
    2111
    2144
    2276
    2179
    2129
    2104
    2035
    2083
    2113
    2145
    2076
    2076
    2084
    2130
    2094
    2147
    2065
    2064
    2037
    2124
    2192
    2138
    2220
    2158
    2036
    2120
    2058
    2074
    2074
    2033
    2049
    2059
    2123
    2039
    2083
    2103
    2045
    2060
    2075
    2066
    2083
    2130
    2080
    1973
    2148
    2082
    2044
    2097
    2056
    2073
    2077
    2121
    2030
    2108
    2068
    2075
    2029
    2031
    1981
    2081
    2039
    2082
    2089
    2098
    2110
    2083
    1941
    1987
    2019
    2061
    2043
    2035
    2098
    2088
    2097
    2083
    2146
    2048
    2018
    2049
    2054
    2090
    2124
    2090
    2003
    2140
    2063
    2106
    2153
    2067
    2125
    2130
    2109
    1958
    1961
    2027
    2074
    2045
    2023
    2057
    2081
    2057
    1985
    2051
    2012
    2031
    2090
    2109
    2064
    2112
    2113
    2022
    2152
    2108
    2108
    2095
    2014
    2027
    2052
    2092
    2020
    1995
    1973
    2003
    2096
    1954
    2042
    2093
    2026
    2022
    2126
    2118
    1941
    2086
    1981
    1994
    2014
    2030
    1953
    2012
    1977
    2115
    2035
    2034
    2098
    2025
    1995
    2064
    2039
    2026
    2018
    1987
    2004
    1961
    1920
    1929
    1893
    1902
    1935
    1921
    1891
    1948
    2003
    1955
    2071
    2018
    2044
    2056
    2301
    2575
    2894
    3435
    3874
    3686
    3282
    2754
    2215
    1944
    1879
    1796
    1762
    1715
    1780
    1689
    1698
    1771
    1639
    1728
    1721
    1690
    1694
    1584
    1679
    1602
    1672
    1642
    1609
    1666
    1617
    1703
    1684
    1570
    1610
    1630
    1678
    1633
    1654
    1564
    1593
    1636
    1561
    1601
    1561
    1548
    1625
    1594
    1647
    1658
    1616
    1586
    1557
    1541
    1577
    1580
    1573
    1575
    1511
    1599
    1599
    1622
    1661
    1607
    1614
    1516
    1538
    1513
    1528
    1512
    1561
    1555
    1564
    1468
    1462
    1565
    1456
    1533
    1497
    1541
    1526
    1574
    1476
    1624
    1661
    1617
    1616
    1598
    1615
    1559
    1485
    1459
    1506
    1500
    1556
    1538
    1488
    1442
    1525
    1421
    1410
    1473
    1559
    1509
    1526
    1442
    1492
    1533
    1495
    1532
    1486
    1507
    1543
    1631
    1595
    1660
    1683
    1830
    1861
    1844
    1706
    1557
    1521
    1477
    1502
    1472
    1488
    1547
    1547
    1584
    1494
    1493
    1539
    1541
    1599
    1670
    1682
    1821
    2004
    2143
    2382
    2993
    3735
    4702
    5656
    5491
    4589
    3546
    2617
    2007
    1710
    1582
    1553
    1509
    1485
    1454
    1477
    1407
    1462
    1433
    1466
    1480
    1506
    1409
    1440
    1456
    1483
    1469
    1496
    1437
    1446
    1458
    1451
    1418
    1478
    1393
    1500
    1429
    1348
    1520
    1465
    1465
    1547
    1505
    1639
    1554
    1574
    1460
    1411
    1334
    1392
    1372
    1374
    1311
    1363
    1314
    1342
    1357
    1353
    1363
    1356
    1329
    1380
    1301
    1371
    1413
    1327
    1279
    1365
    1348
    1301
    1315
    1357
    1309
    1283
    1339
    1365
    1297
    1396
    1350
    1348
    1366
    1419
    1318
    1374
    1326
    1340
    1342
    1315
    1341
    1357
    1309
    1336
    1335
    1294
    1360
    1334
    1403
    1398
    1407
    1377
    1382
    1351
    1413
    1348
    1417
    1428
    1440
    1469
    1519
    1579
    1606
    1628
    1596
    1582
    1591
    1576
    1635
    1645
    1778
    1850
    1983
    2213
    2629
    3036
    3563
    4526
    5538
    7096
    7770
    7501
    6152
    4549
    3282
    2350
    1974
    1744
    1554
    1480
    1375
    1458
    1405
    1405
    1365
    1411
    1370
    1399
    1364
    1338
    1410
    1349
    1306
    1393
    1369
    1309
    1398
    1306
    1425
    1438
    1408
    1408
    1406
    1397
    1354
    1399
    1360
    1321
    1345
    1325
    1306
    1329
    1348
    1272
    1322
    1278
    1356
    1312
    1379
    1345
    1308
    1285
    1315
    1308
    1308
    1398
    1340
    1318
    1307
    1313
    1342
    1360
    1332
    1293
    1306
    1294
    1288
    1296
    1311
    1276
    1408
    1311
    1322
    1290
    1287
    1328
    1307
    1274
    1288
    1326
    1308
    1298
    1244
    1278
    1240
    1248
    1292
    1224
    1261
    1244
    1277
    1358
    1457
    1438
    1441
    1416
    1402
    1397
    1363
    1375
    1397
    1316
    1414
    1387
    1323
    1306
    1325
    1309
    1312
    1297
    1321
    1264
    1258
    1309
    1321
    1327
    1361
    1278
    1317
    1289
    1308
    1337
    1260
    1325
    1261
    1254
    1240
    1276
    1320
    1339
    1381
    1465
    1542
    1646
    1853
    1980
    1966
    1778
    1660
    1510
    1344
    1290
    1359
    1239
    1271
    1310
    1309
    1248
    1304
    1328
    1260
    1308
    1269
    1333
    1379
    1358
    1360
    1546
    1492
    1484
    1545
    1554
    1503
    1521
    1453
    1444
    1576
    1540
    1443
    1515
    1497
    1616
    1591
    1656
    1702
    1749
    1743
    1947
    2073
    2200
    2432
    2669
    3075
    3711
    4824
    6224
    8709
   12788
   18017
   22366
   22851
   19778
   14325
    9134
    5666
    3541
    2503
    1932
    1653
    1508
    1423
    1331
    1331
    1389
    1339
    1360
    1400
    1329
    1354
    1381
    1291
    1274
    1294
    1255
    1230
    1304
    1286
    1320
    1239
    1268
    1256
    1231
    1323
    1296
    1269
    1300
    1288
    1306
    1288
    1236
    1313
    1240
    1243
    1328
    1291
    1255
    1218
    1233
    1169
    1208
    1223
    1289
    1207
    1246
    1277
    1239
    1242
    1243
    1147
    1212
    1229
    1253
    1204
    1257
    1268
    1210
    1261
    1369
    1368
    1240
    1227
    1245
    1290
    1187
    1180
    1176
    1143
    1206
    1187
    1225
    1211
    1245
    1228
    1243
    1241
    1269
    1261
    1251
    1204
    1205
    1225
    1209
    1258
    1205
    1211
    1223
    1200
    1234
    1195
    1319
    1217
    1231
    1283
    1148
    1169
    1190
    1210
    1237
    1192
    1156
    1231
    1173
    1170
    1181
    1218
    1216
    1164
    1186
    1215
    1206
    1168
    1221
    1333
    1210
    1167
    1173
    1202
    1188
    1164
    1220
    1200
    1161
    1225
    1200
    1171
    1155
    1210
    1275
    1214
    1183
    1211
    1151
    1177
    1283
    1183
    1201
    1200
    1257
    1216
    1258
    1227
    1147
    1230
    1200
    1230
    1197
    1197
    1192
    1222
    1199
    1230
    1189
    1189
    1191
    1177
    1200
    1180
    1196
    1236
    1147
    1199
    1192
    1221
    1214
    1260
    1249
    1279
    1320
    1243
    1296
    1176
    1252
    1115
    1220
    1244
    1146
    1220
    1168
    1217
    1207
    1183
    1175
    1163
    1152
    1236
    1203
    1184
    1215
    1232
    1194
    1132
    1190
    1252
    1247
    1258
    1204
    1241
    1181
    1150
    1198
    1185
    1247
    1240
    1152
    1128
    1165
    1212
    1143
    1190
    1188
    1301
    1217
    1242
    1181
    1175
    1119
    1178
    1159
    1195
    1226
    1227
    1201
    1185
    1264
    1158
    1195
    1244
    1265
    1257
    1276
    1207
    1298
    1310
    1271
    1253
    1212
    1213
    1188
    1129
    1156
    1239
    1221
    1205
    1155
    1118
    1122
    1179
    1214
    1108
    1203
    1161
    1141
    1211
    1177
    1130
    1156
    1235
    1150
    1150
    1211
    1192
    1183
    1254
    1240
    1163
    1162
    1277
    1217
    1204
    1173
    1191
    1149
    1162
    1194
    1212
    1185
    1191
    1213
    1157
    1177
    1200
    1162
    1197
    1187
    1225
    1184
    1200
    1209
    1157
    1217
    1269
    1255
    1210
    1247
    1188
    1208
    1243
    1217
    1263
    1300
    1274
    1315
    1189
    1204
    1171
    1178
    1271
    1196
    1149
    1175
    1160
    1160
    1228
    1204
    1203
    1194
    1199
    1150
    1098
    1165
    1148
    1109
    1199
    1085
    1059
    1101
    1093
    1010
    1082
    1107
    1045
    1095
    1053
    1076
    1049
    1069
    1014
    1043
    1016
    1041
    1016
    1089
    1034
    1043
    1042
    1046
    1103
    1082
    1062
    1110
    1079
    1055
    1174
    1113
    1196
    1166
    1238
    1241
    1412
    1488
    1595
    1842
    2315
    2983
    3891
    4873
    5230
    5091
    4240
    3275
    2294
    1809
    1355
    1258
    1111
    1051
     975
    1045
     960
    1032
     995
    1002
     965
     989
     991
     970
    1006
    1047
    1019
     946
     947
     998
     916
     982
     958
    1006
     959
     961
     939
     932
     946
     942
     966
     996
     930
     984
     887
     936
     930
     960
     937
    1015
     925
     949
     864
     932
     944
     967
     968
     994
     913
     973
     978
     952
     929
     952
     975
     941
     984
     951
     973
     965
     965
     970
    1025
    1038
    1168
    1204
    1386
    1420
    1452
    1445
    1231
    1108
    1000
     990
     925
     931
     937
     876
     918
     946
     877
     909
     900
     956
     995
     969
    1120
    1101
    1218
    1219
    1077
    1073
     978
     906
     914
     878
     876
     807
     794
     788
     808
     829
     801
     895
     812
     895
     941
     961
    1047
    1200
    1407
    1492
    1539
    1534
    1292
    1111
     943
     874
     815
     785
     728
     728
     780
     755
     730
     710
     729
     745
     769
     725
     731
     739
     754
     814
     798
     894
     907
    1025
     993
     982
     931
     946
     903
     959
    1070
    1155
    1259
    1286
    1083
     952
     883
     860
     751
     724
     714
     719
     709
     728
     729
     695
     782
     787
     843
     834
     967
    1023
    1196
    1458
    1847
    2329
    2689
    2932
    2637
    2191
    1694
    1321
    1009
     804
     783
     701
     642
     656
     635
     613
     597
     616
     642
     633
     612
     624
     597
     610
     589
     607
     615
     639
     659
     593
     587
     553
     572
     563
     612
     605
     592
     567
     584
     602
     579
     589
     603
     587
     578
     596
     581
     628
     568
     590
     600
     587
     538
     577
     572
     592
     597
     627
     581
     601
     634
     559
     578
     552
     562
     560
     557
     523
     520
     540
     575
     580
     549
     595
     589
     532
     584
     548
     537
     551
     561
     587
     575
     505
     579
     499
     588
     555
     554
     534
     568
     611
     669
     670
     756
     804
     801
     786
     766
     682
     619
     585
     639
     657
     708
     743
     914
    1029
    1298
    1345
    1392
    1219
    1028
     837
     753
     642
     622
     633
     654
     782
     859
     901
     905
     861
     795
     717
     614
     512
     473
     485
     467
     495
     481
     482
     474
     429
     462
     443
     468
     468
     451
     436
     483
     481
     464
     453
     477
     471
     491
     457
     474
     479
     466
     509
     508
     508
     481
     486
     486
     524
     480
     490
     524
     564
     548
     605
     649
     640
     733
     851
    1141
    1512
    1980
    2409
    2594
    2568
    2215
    1716
    1201
     919
     706
     568
     543
     493
     475
     468
     455
     407
     455
     390
     449
     461
     388
     432
     468
     432
     475
     419
     463
     458
     426
     419
     425
     417
     436
     486
     430
     439
     467
     465
     444
     461
     454
     423
     396
     416
     420
     376
     416
     467
     418
     390
     422
     395
     386
     399
     404
     382
     431
     405
     380
     368
     427
     375
     398
     393
     375
     408
     396
     423
     376
     402
     372
     442
     456
     422
     385
     412
     444
     381
     385
     410
     409
     430
     422
     381
     445
     478
     511
     495
     508
     552
     514
     457
     424
     410
     409
     420
     381
     391
     396
     400
     375
     410
     429
     373
     424
     435
     467
     476
     496
     483
     494
     577
     611
     608
     768
     873
     866
     886
     841
     788
     714
     749
     808
     848
     963
    1080
    1258
    1498
    2099
    2793
    4021
    5799
    8460
   11156
   12793
   13028
   10975
    8283
    5539
    3448
    2263
    1356
    1113
     739
     630
     497
     525
     465
     455
     457
     441
     469
     476
     442
     442
     443
     407
     430
     403
     419
     466
     403
     452
     431
     398
     374
     418
     434
     380
     427
     418
     395
     386
     408
     415
     431
     397
     447
     414
     370
     421
     390
     421
     397
     341
     367
     414
     351
     405
     387
     392
     392
     436
     376
     383
     397
     350
     372
     327
     404
     373
     379
     362
     377
     381
     354
     326
     364
     354
     380
     377
     389
     347
     379
     368
     366
     362
     369
     370
     383
     398
     397
     403
     422
     368
     358
     374
     336
     392
     373
     386
     418
     384
     399
     380
     376
     395
     366
     384
     441
     410
     431
     422
     402
     398
     382
     389
     364
     379
     380
     395
     377
     391
     431
     449
     435
     516
     534
     533
     552
     561
     521
     489
     521
     515
     574
     575
     663
     756
     948
    1203
    1519
    2046
    2465
    2801
    2841
    2520
    2149
    1984
    1902
    2217
    2827
    3802
    5325
    6698
    7618
    7294
    6270
    4671
    3105
    2064
    1407
     916
     721
     567
     437
     434
     388
     424
     434
     399
     381
     412
     352
     403
     386
     353
     358
     357
     375
     385
     404
     357
     372
     382
     370
     410
     393
     408
     358
     387
     385
     401
     406
     393
     338
     384
     348
     333
     351
     374
     349
     393
     388
     384
     397
     410
     392
     397
     402
     378
     349
     376
     365
     350
     285
     341
     347
     349
     340
     315
     328
     318
     332
     325
     359
     328
     315
     338
     328
     316
     358
     344
     320
     341
     329
     377
     326
     346
     386
     336
     329
     372
     356
     343
     358
     318
     360
     313
     340
     308
     353
     327
     322
     330
     366
     287
     283
     304
     347
     272
     285
     312
     317
     337
     330
     290
     305
     314
     327
     304
     326
     310
     288
     292
     310
     300
     315
     369
     314
     339
     303
     318
     292
     304
     291
     337
     321
     307
     307
     284
     302
     292
     297
     284
     307
     311
     320
     271
     285
     297
     312
     280
     245
     264
     275
     287
     308
     269
     318
     266
     274
     280
     314
     259
     277
     311
     306
     286
     301
     317
     352
     356
     362
     389
     336
     352
     319
     289
     266
     309
     310
     275
     287
     297
     284
     310
     310
     292
     277
     318
     301
     300
     317
     293
     296
     293
     300
     297
     281
     298
     284
     287
     308
     292
     289
     276
     252
     254
     280
     285
     264
     283
     299
     296
     281
     301
     267
     308
     298
     260
     269
     274
     278
     250
     278
     261
     285
     286
     295
     266
     286
     258
     258
     287
     275
     278
     280
     290
     281
     298
     282
     319
     287
     296
     294
     308
     292
     287
     281
     296
     319
     320
     363
     325
     383
     385
     353
     343
     321
     302
     277
     289
     277
     228
     268
     285
     259
     285
     278
     245
     258
     286
     251
     270
     288
     246
     287
     292
     277
     286
     274
     273
     281
     291
     301
     279
     316
     361
     393
     403
     442
     477
     438
     383
     336
     326
     274
     290
     269
     271
     278
     245
     252
     269
     227
     237
     254
     248
     266
     267
     252
     252
     222
     271
     257
     273
     287
     248
     247
     229
     260
     274
     257
     251
     265
     310
     303
     338
     406
     388
     415
     446
     413
     382
     326
     324
     318
     305
     285
     279
     263
     244
     243
     245
     258
     250
     247
     249
     235
     256
     251
     238
     267
     241
     219
     251
     221
     242
     276
     241
     241
     243
     237
     234
     268
     244
     265
     255
     261
     304
     264
     335
     353
     369
     361
     381
     351
     311
     281
     238
     231
     272
     234
     248
     236
     249
     203
     256
     218
     271
     247
     271
     224
     259
     268
     245
     281
     258
     272
     259
     264
     239
     263
     242
     247
     253
     254
     275
     291
     294
     236
     250
     244
     226
     245
     238
     273
     236
     250
     240
     224
     237
     252
     221
     238
     236
     241
     239
     235
     272
     215
     213
     230
     223
     219
     242
     228
     229
     261
     267
     260
     253
     227
     237
     245
     225
     236
     242
     243
     188
     240
     246
     222
     212
     219
     241
     228
     239
     268
     227
     243
     243
     231
     237
     247
     231
     262
     244
     224
     228
     242
     245
     237
     268
     242
     233
     265
     240
     236
     232
     250
     270
     260
     257
     261
     285
     265
     274
     288
     265
     244
     266
     256
     233
     236
     247
     233
     225
     237
     201
     213
     229
     225
     209
     225
     215
     239
     193
     232
     255
     239
     243
     250
     244
     256
     254
     267
     259
     212
     223
     198
     241
     238
     230
     256
     250
     232
     232
     234
     223
     233
     225
     205
     238
     218
     233
     257
     215
     227
     209
     195
     259
     222
     237
     247
     203
     244
     242
     213
     202
     205
     221
     241
     257
     195
     235
     218
     242
     224
     229
     219
     193
     212
     206
     268
     237
     211
     215
     216
     224
     259
     209
     213
     232
     223
     215
     216
     229
     229
     224
     235
     193
     215
     221
     195
     255
     219
     202
     225
     217
     208
     210
     246
     235
     227
     231
     231
     187
     199
     231
     203
     247
     218
     208
     235
     213
     231
     231
     205
     220
     195
     195
     222
     237
     264
     239
     221
     211
     243
     232
     225
     199
     246
     252
     239
     210
     205
     235
     227
     213
     214
     204
     216
     229
     226
     240
     203
     222
     224
     231
     218
     220
     250
     226
     240
     205
     221
     190
     201
     244
     224
     240
     234
     204
     202
     211
     198
     193
     232
     224
     251
     231
     249
     236
     204
     199
     231
     217
     228
     212
     204
     201
     209
     210
     213
     240
     235
     237
     201
     205
     209
     217
     197
     215
     227
     233
     212
     230
     228
     211
     200
     227
     194
     183
     198
     208
     210
     201
     227
     221
     206
     228
     212
     218
     208
     205
     223
     240
     238
     240
     214
     217
     197
     248
     203
     229
     217
     267
     224
     252
     230
     284
     311
     280
     313
     317
     308
     349
     348
     372
     396
     352
     326
     314
     281
     265
     265
     272
     263
     234
     239
     231
     219
     210
     219
     230
     234
     239
     201
     212
     205
     229
     238
     197
     214
     218
     234
     226
     220
     217
     209
     218
     231
     232
     240
     213
     228
     220
     207
     197
     212
     216
     242
     219
     255
     193
     226
     247
     230
     207
     213
     221
     223
     188
     225
     221
     219
     226
     228
     235
     261
     189
     233
     210
     230
     199
     229
     231
     227
     216
     198
     215
     208
     226
     210
     232
     207
     234
     227
     211
     241
     235
     222
     202
     207
     231
     217
     199
     200
     212
     219
     212
     226
     225
     234
     236
     215
     222
     194
     249
     234
     246
     256
     238
     217
     210
     247
     241
     225
     207
     198
     194
     218
     226
     223
     195
     214
     231
     228
     228
     177
     213
     205
     214
     218
     203
     220
     207
     220
     203
     217
     214
     219
     237
     196
     192
     207
     200
     199
     211
     208
     212
     226
     214
     203
     218
     195
     181
     216
     220
     217
     216
     206
     203
     194
     206
     228
     210
     216
     208
     215
     218
     212
     230
     217
     187
     221
     219
     228
     221
     198
     193
     190
     192
     198
     204
     237
     206
     247
     212
     225
     202
     201
     231
     203
     218
     227
     248
     221
     228
     232
     182
     205
     195
     206
     201
     202
     216
     216
     215
     212
     207
     194
     210
     203
     178
     212
     230
     220
     201
     212
     216
     197
     203
     213
     201
     188
     182
     213
     226
     220
     216
     202
     192
     203
     208
     187
     209
     206
     206
     221
     213
     214
     212
     202
     187
     216
     203
     190
     196
     211
     189
     207
     195
     228
     203
     222
     237
     211
     214
     213
     215
     204
     238
     219
     210
     215
     213
     241
     226
     220
     213
     217
     209
     223
     198
     230
     215
     224
     200
     185
     213
     198
     193
     212
     231
     199
     203
     193
     219
     192
     231
     225
     208
     193
     206
     208
     172
     205
     200
     225
     225
     202
     193
     213
     229
     199
     211
     218
     202
     222
     197
     208
     214
     215
     213
     202
     198
     208
     241
     219
     185
     205
     187
     200
     194
     202
     206
     207
     184
     212
     188
     171
     206
     183
     236
     215
     204
     213
     231
     269
     255
     223
     214
     221
     207
     198
     203
     202
     226
     206
     213
     212
     200
     188
     203
     194
     210
     189
     173
     199
     180
     190
     191
     193
     204
     186
     172
     170
     182
     194
     186
     197
     199
     201
     176
     171
     195
     181
     202
     168
     200
     188
     165
     182
     195
     174
     200
     187
     207
     181
     194
     162
     164
     201
     186
     193
     178
     181
     181
     177
     179
     193
     184
     179
     191
     175
     164
     170
     202
     170
     177
     182
     217
     194
     209
     174
     180
     175
     181
     201
     165
     185
     171
     184
     157
     193
     167
     177
     170
     176
     179
     185
     169
     178
     166
     163
     144
     184
     153
     145
     153
     190
     166
     154
     170
     163
     168
     189
     186
     194
     171
     165
     166
     194
     159
     171
     201
     160
     154
     172
     150
     145
     169
     160
     148
     181
     175
     182
     176
     157
     152
     174
     159
     156
     166
     133
     150
     157
     168
     149
     172
     175
     182
     150
     165
     170
     191
     165
     183
     200
     195
     182
     163
     184
     173
     155
     171
     162
     151
     160
     162
     157
     164
     148
     155
     176
     148
     168
     139
     168
     143
     181
     138
     161
     167
     139
     154
     155
     166
     154
     157
     155
     178
     152
     173
     163
     134
     160
     178
     166
     159
     125
     140
     156
     161
     153
     163
     134
     147
     155
     163
     153
     149
     183
     169
     167
     148
     149
     154
     186
     174
     175
     183
     167
     174
     186
     212
     225
     271
     293
     326
     373
     374
     333
     347
     290
     250
     245
     228
     214
     183
     166
     154
     133
     176
     142
     166
     140
     138
     183
     165
     148
     144
     144
     149
     160
     168
     152
     162
     174
     167
     140
     136
     158
     161
     146
     142
     171
     140
     150
     160
     168
     137
     161
     138
     135
     125
     140
     157
     141
     134
     132
     155
     148
     147
     136
     129
     163
     157
     129
     155
     151
     123
     146
     139
     134
     142
     129
     141
     141
     155
     114
     136
     125
     130
     132
     120
     130
     127
     149
     157
     128
     150
     127
     125
     151
     138
     163
     165
     171
     135
     187
     182
     248
     260
     347
     360
     377
     366
     336
     303
     249
     181
     195
     180
     176
     196
     180
     186
     220
     229
     248
     263
     265
     259
     222
     198
     162
     159
     132
     150
     153
     154
     145
     132
     112
     126
     139
     120
     138
     124
     126
     125
     123
     146
     160
     140
     177
     185
     206
     201
     258
     222
     228
     184
     159
     174
     153
     146
     111
     136
     123
     126
     132
     121
     107
     125
     132
     118
     142
     139
     121
     116
     140
     116
     126
     130
     128
     119
     144
     128
     125
     117
     128
     136
     109
     124
     125
     126
     137
     134
     143
     138
     126
     143
     144
     127
     136
     141
     122
     142
     133
     137
     125
     142
     127
     144
     117
     128
     110
      98
     136
     102
     103
     135
     136
     128
     128
     126
     139
     137
     122
     125
     116
     137
     115
     130
     112
     117
     132
     133
     113
     134
     107
     123
     109
     125
     138
     114
     126
     133
     117
     118
     133
     144
     137
     152
     125
     101
     139
     122
     110
     133
     135
     115
     137
     138
     115
     143
     131
     112
     131
     131
     149
     143
     147
     152
     146
     127
     139
     153
     132
     122
     147
     127
     118
     126
     125
     107
     101
     107
     133
     120
     111
     116
     132
     112
     104
     130
     104
     119
     111
     110
     112
     117
     117
     115
     131
     128
     119
     152
     109
     114
     115
     117
     119
     120
     146
     123
     131
     136
     117
     131
     148
     133
     121
     117
     126
     128
     138
     122
     123
     163
     179
     200
     240
     261
     281
     281
     259
     216
     192
     186
     171
     149
     191
     147
     166
     194
     190
     234
     285
     347
     451
     556
     739
     862
     940
     985
     843
     841
     687
     660
     699
     715
     853
     992
    1098
    1147
    1146
    1139
     997
     711
     587
     489
     366
     291
     244
     199
     184
     175
     149
     159
     157
     156
     139
     145
     172
     136
     135
     130
     144
     126
     160
     158
     138
     150
     134
     115
     152
     155
     132
     131
     154
     160
     130
     154
     146
     147
     161
     133
     137
     135
     125
     145
     158
     149
     156
     144
     156
     137
     138
     147
     154
     150
     148
     152
     139
     136
     142
     141
     164
     148
     157
     176
     177
     190
     254
     299
     339
     423
     515
     486
     503
     477
     409
     371
     296
     257
     242
     212
     214
     197
     230
     228
     196
     211
     198
     181
     172
     206
     186
     226
     269
     297
     356
     465
     498
     519
     495
     484
     394
     335
     296
     232
     209
     187
     171
     156
     183
     168
     160
     201
     212
     230
     213
     213
     250
     274
     246
     233
     197
     214
     178
     152
     145
     151
     146
     132
     130
     130
     122
     131
     153
     159
     129
     148
     127
     128
     133
     132
     137
     142
     148
     141
     134
     137
     147
     147
     117
     139
     144
     134
     127
     134
     153
     159
     154
     146
     130
     145
     137
     157
     133
     133
     142
     148
     138
     144
     147
     114
     132
     122
     120
     129
     131
     135
     135
     143
     139
     150
     129
     151
     138
     155
     147
     138
     160
     157
     146
     193
     184
     176
     161
     181
     176
     143
     155
     143
     149
     126
     155
     137
     131
     152
     133
     143
     152
     141
     152
     135
     146
     146
     148
     124
     131
     133
     139
     135
     167
     114
     140
     164
     161
     174
     134
     140
     151
     141
     132
     150
     153
     147
     142
     131
     152
     151
     143
     169
     176
     143
     144
     163
     176
     161
     144
     147
     137
     122
     144
     142
     138
     125
     131
     117
     106
     120
     144
      99
     136
     128
     127
     126
     138
     128
     153
     132
     127
     115
     142
     142
     134
     148
     123
     119
     131
     138
     138
     142
     134
     143
     146
     153
     133
     128
     144
     133
     132
     141
     146
     139
     131
     139
     138
     130
     150
     130
     134
     130
     142
     111
     129
     120
     132
     120
     115
     132
     110
     120
     134
     128
     112
     117
     148
     131
     127
     132
     143
     132
     127
     127
     134
     139
     129
     133
     138
     126
     127
     120
     132
     112
     129
     143
     125
     125
     144
     142
     119
     132
     129
     142
     120
     139
     148
     136
     138
     150
     127
     131
     137
      98
     124
     118
     127
     119
     125
     123
     142
     148
     146
     132
     135
     130
     126
     144
     123
     150
     157
     120
     126
     126
     122
     131
     127
     153
     143
     136
     131
     157
     145
     136
     126
     135
     114
     147
     132
     130
     130
     119
     126
     131
     126
     128
     121
     132
     127
     141
     121
     135
     146
     118
     121
     127
     127
     128
     131
     113
     139
     101
     132
     125
     115
     111
     129
     127
     121
     149
     127
     162
     118
     107
     120
     131
     128
     130
     121
     131
     145
     146
     101
     132
     138
     139
     132
     152
     144
     127
     118
     118
     142
     111
     124
     134
     154
     125
     138
     137
     132
     126
     134
     133
     147
     129
     144
     120
     119
     125
     123
     136
     126
     134
     134
     124
     123
     155
     140
     134
     136
     129
     134
     130
     122
     146
     127
     123
     124
     129
     117
     123
     118
     129
     138
     134
     110
     116
     136
     142
     134
     119
     102
     149
     126
     150
     133
     134
     142
     132
     128
     133
     152
     128
     124
     131
     124
     155
     124
     122
     147
     123
     124
     117
     126
     129
     114
     122
     121
     138
     134
     110
     132
     138
     129
     120
     122
     131
     122
     123
     103
     138
     127
     147
     123
     137
     133
     152
     120
     141
     141
     144
     123
     130
     127
     108
     118
     126
     136
     136
     124
     149
     130
     140
     131
     141
     128
     179
     129
     158
     146
     129
     151
     117
     125
     118
     144
     145
     148
     136
     135
     138
     132
     143
     127
     120
     114
     128
     125
     126
     133
     139
     132
     125
     142
     135
     115
     130
     126
     150
     127
     145
     119
     140
     122
     120
     119
     115
     126
     144
     135
     133
     142
     141
     143
     130
     137
     144
     129
     133
     133
     150
     120
     140
     123
     129
     137
     132
     141
     147
     117
     132
     120
     115
     125
     132
     129
     116
     140
     141
     124
     144
     144
     148
     149
     138
     141
     132
     124
     147
     120
     132
     141
     123
     131
     152
     113
     137
     135
     128
     130
     130
     127
     151
     144
     139
     138
     145
     165
     139
     124
     132
     123
     132
     129
     141
     128
     136
     131
     146
     125
     138
     119
     137
     133
     136
     145
     136
     132
     129
     132
     137
     129
     127
     108
     116
     131
     117
     131
     119
     149
     110
     135
     139
     122
     151
     134
     136
     132
     141
     115
     133
     131
     141
     143
     136
     128
     141
     142
     127
     122
     123
     137
     128
     148
     119
     131
     143
     125
     132
     120
     134
     127
     140
     129
     131
     118
     134
     143
     133
     118
     120
     127
     175
     143
     138
     125
     120
     123
     142
     134
     138
     136
     129
     119
     162
     121
     135
     126
     128
     128
     120
     136
     139
     147
     136
     146
     145
     118
     121
     167
     141
     164
     147
     153
     142
     141
     146
     159
     137
     111
     151
     139
     138
     131
     148
     150
     148
     137
     132
     131
     144
     126
     169
     136
     144
     147
     133
     139
     130
     125
     140
     122
     145
     131
     128
     128
     129
     160
     152
     115
     131
     139
     155
     132
     146
     152
     132
     160
     131
     123
     144
     144
     144
     143
     166
     130
     142
     121
     135
     142
     147
     137
     138
     120
     155
     131
     127
     137
     126
     122
     159
     130
     143
     133
     135
     124
     141
     145
     151
     165
     133
     168
     142
     127
     130
     149
     141
     132
     133
     143
     136
     127
     132
     141
     142
     154
     149
     133
     125
     154
     145
     146
     149
     135
     120
     148
     143
     133
     146
     137
     140
     147
     134
     113
     120
     153
     142
     139
     147
     145
     156
     156
     140
     140
     130
     117
     138
     129
     139
     142
     128
     136
     137
     139
     130
      99
     137
     138
     129
     138
     120
     145
     119
     126
     137
     137
     139
     134
     143
     137
     144
     129
     140
     123
     145
     130
     123
     125
     141
     126
     149
     134
     112
     126
     128
     133
     138
     140
     137
     131
     125
     150
     150
     143
     137
     134
     111
     151
     135
     136
     154
     120
     136
     131
     128
     123
     129
     126
     152
     109
     139
     123
     111
     120
     125
     112
     133
     134
     148
     136
     137
     126
     122
     151
     139
     129
     150
     139
     141
     126
     112
     153
     119
     142
     135
     139
     122
     127
     144
     123
     141
     142
     139
     127
     126
     134
     130
     109
     135
     148
     133
     154
     134
     157
     152
     126
     136
     117
     122
     123
     147
     145
     142
     114
     144
     153
     142
     133
     131
     128
     139
     123
     131
     122
     150
     120
     145
     118
     144
     135
     127
     127
     123
     108
     135
     134
     130
     135
     147
     128
     144
     130
     140
     113
     145
     129
     128
     132
     128
     130
     135
     141
     120
     131
     114
     144
     147
     132
     149
     117
     128
     135
     131
     120
     138
     123
     146
     134
     134
     121
     114
     115
     119
     132
     139
     136
     131
     124
     139
     125
     149
     150
     139
     120
     132
     119
     110
     127
     137
     152
     126
     139
     135
     117
     125
     144
     128
     123
     124
     119
     112
     108
     135
     131
     129
     134
     103
     143
     140
     144
     132
     129
     127
     129
     122
     120
     120
     131
     130
     145
     124
     120
     119
     111
     123
     119
     118
     125
     130
     146
     132
     133
     141
     132
     132
     140
     115
     137
     131
     135
     138
     126
     103
     111
     117
     127
     128
     139
     128
     135
     118
     136
     132
     145
     133
     144
     126
     125
     126
     132
     145
     131
     136
     112
     119
     127
     122
     125
     135
     148
     144
     119
     135
     122
     125
     132
     154
     140
     132
     127
     133
     158
     119
     132
     129
     128
     130
     128
     128
     141
     114
     115
     124
     152
     151
     147
     133
     119
     120
     117
     132
     135
     129
     137
     131
     137
     148
     120
     135
     104
     131
     123
     131
     127
     142
     140
     119
     137
     133
     121
     121
     141
     145
     141
     138
     161
     131
     122
     144
     139
     116
     141
     124
     117
     158
     123
     122
     132
     116
     117
     138
     148
     136
     112
     152
     131
     150
     138
     133
     128
     134
     141
     155
     130
     128
     145
     152
     137
     141
     129
     131
     136
     145
     138
     113
     151
     132
     132
     140
     151
     125
     140
     106
     117
     157
     137
     121
     134
     140
     115
     138
     130
     118
     129
     147
     148
     162
     124
     158
     134
     138
     135
     132
     149
     124
     142
     133
     112
     120
     148
     140
     150
     121
     127
     145
     136
     124
     124
     141
     117
     138
     135
     122
     130
     159
     148
     139
     121
     129
     137
     139
     133
     131
     141
     179
     163
     126
     157
     174
     182
     201
     234
     247
     303
     385
     449
     519
     656
     706
     711
     769
     711
     672
     648
     549
     447
     387
     335
     303
     256
     217
     215
     196
     166
     170
     176
     153
     156
     157
     159
     163
     160
     168
     149
     146
     145
     148
     137
     127
     160
     168
     134
     144
     144
     150
     175
     149
     155
     165
     143
     156
     137
     158
     169
     141
     156
     156
     179
     125
     154
     119
     150
     145
     142
     169
     150
     148
     142
     148
     149
     154
     138
     127
     140
     147
     130
     159
     160
     150
     173
     170
     135
     155
     141
     150
     160
     170
     153
     140
     168
     149
     148
     168
     141
     133
     167
     174
     148
     141
     143
     138
     161
     134
     155
     147
     168
     142
     174
     153
     138
     175
     128
     155
     180
     132
     145
     146
     162
     141
     146
     139
     157
     160
     142
     161
     137
     145
     148
     150
     156
     138
     145
     145
     147
     164
     133
     163
     133
     165
     165
     147
     152
     168
     152
     161
     157
     141
     144
     137
     168
     134
     176
     163
     163
     158
     143
     153
     178
     153
     170
     162
     156
     169
     164
     159
     154
     164
     165
     170
     156
     152
     143
     164
     159
     138
     150
     160
     150
     161
     156
     165
     147
     154
     146
     144
     157
     147
     182
     168
     166
     166
     176
     171
     154
     193
     176
     184
     177
     177
     192
     186
     194
     170
     176
     154
     166
     144
     169
     141
     160
     145
     154
     161
     160
     154
     151
     153
     136
     171
     165
     135
     157
     157
     164
     161
     147
     156
     169
     144
     152
     147
     154
     149
     151
     171
     168
     158
     167
     181
     142
     171
     131
     148
     168
     176
     141
     156
     170
     162
     169
     153
     171
     164
     159
     178
     177
     169
     168
     170
     174
     173
     161
     152
     144
     185
     154
     182
     173
     182
     167
     165
     166
     150
     181
     159
     159
     148
     178
     163
     173
     163
     156
     156
     159
     173
     180
     166
     172
     207
     172
     166
     154
     151
     175
     156
     164
     175
     155
     178
     170
     174
     185
     143
     155
     146
     168
     176
     161
     166
     163
     175
     179
     139
     150
     150
     169
     166
     176
     143
     167
     156
     193
     177
     168
     170
     173
     177
     156
     170
     171
     164
     162
     156
     156
     165
     193
     161
     189
     202
     170
     145
     164
     176
     171
     141
     200
     163
     174
     177
     178
     178
     177
     185
     185
     148
     178
     186
     204
     174
     166
     180
     160
     155
     168
     161
     181
     167
     162
     157
     183
     189
     152
     170
     175
     171
     166
     154
     163
     175
     173
     183
     184
     182
     186
     161
     204
     180
     168
     160
     190
     173
     167
     186
     175
     187
     199
     171
     171
     195
     171
     182
     156
     181
     168
     166
     180
     174
     180
     186
     138
     195
     179
     162
     201
     183
     171
     182
     160
     197
     170
     181
     178
     170
     187
     183
     174
     169
     195
     191
     177
     190
     182
     160
     179
     190
     170
     191
     193
     197
     185
     174
     194
     158
     181
     191
     193
     189
     192
     156
     182
     204
     184
     175
     182
     180
     197
     194
     176
     187
     185
     176
     198
     202
     213
     182
     178
     174
     172
     205
     195
     205
     195
     219
     183
     175
     194
     203
     174
     184
     191
     201
     205
     204
     208
     192
     181
     189
     183
     180
     193
     218
     186
     200
     190
     207
     195
     222
     209
     170
     207
     176
     190
     202
     220
     199
     192
     183
     194
     172
     213
     195
     196
     192
     158
     183
     188
     202
     203
     202
     186
     177
     190
     200
     173
     198
     186
     188
     183
     192
     224
     195
     171
     213
     204
     192
     210
     210
     207
     197
     190
     189
     189
     187
     197
     226
     189
     204
     213
     234
     191
     230
     213
     206
     209
     195
     199
     206
     219
     213
     215
     218
     203
     221
     203
     226
     207
     205
     194
     188
     207
     205
     206
     209
     213
     196
     224
     202
     199
     212
     183
     214
     207
     224
     223
     222
     207
     205
     207
     197
     189
     241
     200
     193
     216
     229
     195
     210
     216
     188
     201
     223
     201
     193
     244
     224
     198
     219
     248
     212
     213
     222
     197
     235
     224
     226
     227
     218
     229
     223
     199
     209
     201
     221
     204
     229
     209
     227
     234
     220
     212
     234
     194
     231
     226
     210
     251
     193
     233
     223
     215
     235
     232
     213
     229
     223
     260
     227
     250
     217
     243
     207
     222
     215
     227
     197
     218
     218
     244
     213
     231
     249
     222
     237
     214
     228
     219
     246
     254
     239
     211
     220
     201
     239
     256
     268
     225
     208
     236
     211
     225
     262
     225
     258
     254
     193
     230
     232
     245
     235
     226
     257
     225
     234
     232
     235
     228
     252
     261
     246
     232
     239
     235
     230
     268
     248
     250
     234
     234
     224
     229
     235
     236
     224
     248
     250
     259
     246
     233
     210
     235
     225
     230
     246
     244
     234
     225
     231
     217
     225
     213
     212
     195
     197
     194
     214
     191
     191
     185
     179
     203
     216
     169
     177
     176
     214
     199
     173
     176
     153
     161
     163
     183
     178
     178
     168
     152
     162
     197
     175
     179
     171
     160
     194
     157
     162
     175
     135
     159
     173
     188
     156
     133
     185
     156
     170
     178
     173
     153
     163
     138
     179
     177
     162
     143
     149
     185
     143
     161
     157
     165
     151
     158
     164
     167
     173
     139
     152
     164
     168
     165
     161
     150
     132
     162
     130
     149
     156
     150
     145
     151
     156
     156
     152
     152
     131
     148
     124
     179
     145
     155
     159
     155
     127
     133
     143
     140
     139
     138
     154
     146
     147
     143
     136
     138
     158
     128
     142
     143
     152
     149
     148
     149
     158
     160
     137
     128
     140
     148
     135
     135
     131
     144
     145
     148
     120
     128
     150
     131
     122
     135
     137
     137
     144
     145
     139
     146
     139
     130
     134
     144
     146
     134
     140
     135
     144
     138
     137
     147
     139
     139
     131
     129
     140
     151
     129
     138
     138
     125
     122
     140
     146
     134
     145
     149
     149
     134
     128
     141
     147
     145
     138
     135
     132
     145
     141
     120
     112
     127
     122
     129
     129
     144
     137
     136
     126
     121
     126
     129
     130
     133
     148
     118
     130
     125
     125
     151
     147
     116
     145
     108
     124
     121
     111
     120
     138
     118
     119
     144
     101
     135
     121
     117
     118
     120
     119
     118
     116
     122
     129
     117
     115
     111
     129
     114
     124
     126
     118
     117
      89
     114
     106
     109
     114
     103
      99
     103
     102
      97
     121
     112
      95
     106
     121
     101
     109
     116
     106
     120
      88
      95
     109
     102
      99
      88
     103
      97
     119
     108
      86
     110
     107
      92
      90
      97
      92
      97
      87
     107
     105
      92
     101
      77
     109
      76
      94
      87
      97
      90
      90
     105
     124
      75
      94
      98
     111
      98
      87
     108
      83
      89
      73
      71
      70
      83
      81
      74
      88
      88
      75
      70
      64
      81
      82
      63
      72
      73
      77
      78
      83
      74
      92
      69
      76
      78
      87
      88
      81
      68
      80
      66
      67
      64
      68
      75
      61
      67
      65
      83
      73
      64
      71
      63
      91
      64
      69
      64
      69
      71
      74
      78
      65
      57
      67
      53
      60
      60
      48
      89
      63
      65
      56
      70
      78
      62
      61
      68
      83
      55
      55
      75
      65
      56
      66
      71
      53
      71
      67
      59
      52
      53
      56
      67
      55
      62
      50
      42
      65
      65
      72
      70
      58
      47
      69
      42
      66
      46
      52
      50
      54
      49
      61
      46
      52
      50
      60
      62
      68
      58
      58
      69
      48
      57
      58
      60
      52
      46
      43
      62
      52
      57
      49
      47
      55
      50
      61
      49
      58
      57
      53
      64
      51
      47
      65
      49
      62
      50
      48
      62
      56
      57
      52
      53
      45
      55
      44
      44
      54
      49
      39
      45
      59
      44
      53
      43
      59
      45
      54
      51
      44
      48
      44
      47
      51
      47
      50
      57
      54
      56
      49
      52
      47
      48
      49
      37
      53
      40
      38
      49
      37
      55
      55
      56
      53
      44
      51
      60
      30
      42
      46
      43
      51
      47
      46
      55
      42
      45
      44
      55
      48
      46
      52
      43
      51
      45
      44
      60
      54
      54
      56
      40
      50
      49
      48
      45
      44
      57
      51
      35
      38
      45
      48
      44
      64
      41
      42
      38
      37
      52
      42
      50
      40
      39
      32
      44
      35
      39
      47
      36
      50
      41
      39
      47
      50
      42
      35
      36
      44
      35
      47
      45
      47
      38
      41
      32
      29
      38
      39
      45
      41
      50
      35
      43
      57
      52
      42
      30
      35
      49
      41
      49
      30
      39
      47
      36
      27
      42
      49
      38
      48
      39
      46
      39
      39
      33
      44
      47
      47
      44
      38
      37
      47
      35
      45
      34
      52
      45
      50
      61
      46
      62
      50
      61
      67
      76
     108
     118
     162
     291
     387
     599
     965
    1335
    1897
    2561
    3057
    3594
    3815
    3954
    3652
    3314
    2854
    2344
    1905
    1519
    1082
     905
     697
     514
     449
     309
     267
     232
     183
     174
     118
     108
      99
      98
      91
      78
      95
      69
      99
      64
      74
      94
      79
      77
      73
      75
      70
      74
      81
      83
      72
      78
      77
      84
      74
      60
      75
      64
      72
      70
      56
      63
      62
      63
      65
      73
      68
      49
      67
      66
      68
      56
      60
      77
      72
      69
      70
      69
      64
      52
      68
      66
      67
      57
      55
      51
      64
      58
      58
      53
      52
      51
      55
      57
      61
      66
      56
      59
      47
      49
      53
      66
      59
      49
      58
      62
      54
      48
      53
      39
      64
      51
      60
      55
      48
      49
      58
      46
      47
      44
      47
      52
      53
      60
      57
      42
      42
      44
      61
      47
      51
      59
      50
      58
      55
      58
      47
      50
      42
      51
      34
      58
      47
      43
      54
      42
      52
      48
      49
      59
      48
      45
      41
      50
      55
      50
      53
      52
      56
      36
      49
      53
      48
      51
      53
      48
      53
      40
      49
      44
      50
      51
      42
      37
      60
      67
      46
      49
      51
      40
      46
      46
      60
      56
      59
      47
      50
      47
      49
      48
      61
      58
      39
      59
      45
      47
      51
      66
      68
      52
      67
      73
      63
      67
      59
      73
      46
      60
      62
      54
      62
      57
      63
      56
      53
      43
      48
      41
      53
      53
      45
      46
      41
      46
      48
      40
      42
      65
      46
      41
      49
      42
      45
      42
      62
      60
      60
      46
      38
      39
      48
      61
      41
      41
      47
      51
      52
      59
      69
      55
      54
      51
      45
      56
      55
      45
      52
      41
      35
      42
      49
      43
      59
      40
      40
      37
      38
      39
      35
      44
      35
      35
      40
      31
      31
      38
      34
      32
      37
      40
      33
      39
      32
      41
      47
      30
      46
      41
      45
      51
      46
      37
      43
      47
      42
      32
      34
      29
      36
      32
      31
      42
      35
      37
      40
      34
      32
      30
      34
      37
      24
      30
      38
      39
      32
      51
      37
      35
      34
      35
      31
      32
      30
      27
      35
      34
      35
      36
      33
      31
      36
      35
      37
      28
      39
      32
      37
      21
      48
      27
      37
      30
      24
      35
      31
      36
      29
      30
      34
      25
      38
      26
      36
      27
      28
      44
      37
      27
      36
      29
      39
      32
      24
      24
      27
      50
      36
      42
      21
      30
      34
      24
      26
      22
      27
      33
      32
      28
      35
      23
      27
      28
      33
      29
      30
      27
      30
      33
      28
      38
      37
      35
      34
      46
      31
      41
      29
      33
      35
      31
      28
      22
      30
      23
      25
      37
      30
      27
      27
      31
      27
      22
      27
      25
      31
      22
      33
      39
      39
      23
      24
      28
      23
      31
      33
      34
      24
      27
      29
      22
      26
      35
      27
      25
      30
      33
      25
      24
      27
      32
      29
      34
      32
      25
      30
      41
      27
      33
      22
      39
      20
      14
      30
      27
      34
      29
      39
      43
      29
      34
      33
      25
      28
      24
      46
      27
      31
      28
      36
      25
      25
      28
      29
      18
      29
      30
      38
      30
      26
      31
      30
      24
      28
      27
      34
      21
      33
      35
      30
      30
      32
      32
      29
      25
      30
      22
      17
      25
      30
      30
      23
      28
      26
      26
      21
      27
      26
      31
      25
      20
      32
      24
      37
      30
      27
      21
      33
      18
      29
      34
      37
      17
      32
      35
      24
      21
      26
      26
      27
      25
      17
      28
      27
      25
      29
      36
      28
      16
      28
      33
      27
      31
      19
      25
      29
      28
      26
      33
      31
      37
      29
      31
      34
      16
      29
      26
      31
      20
      29
      17
      26
      26
      26
      27
      44
      34
      25
      28
      30
      24
      33
      24
      23
      23
      21
      21
      28
      20
      31
      28
      29
      20
      15
      24
      28
      27
      24
      24
      28
      32
      29
      15
      23
      25
      26
      24
      25
      25
      25
      21
      28
      28
      26
      24
      30
      27
      28
      17
      20
      25
      32
      20
      26
      30
      31
      21
      27
      23
      27
      27
      26
      23
      19
      26
      29
      32
      22
      29
      18
      26
      26
      37
      33
      27
      23
      26
      35
      24
      20
      17
      18
      20
      33
      26
      27
      16
      21
      28
      20
      20
      28
      21
      18
      32
      27
      33
      22
      37
      25
      21
      21
      19
      16
      25
      23
      19
      24
      15
      30
      20
      25
      30
      30
      23
      15
      24
      24
      27
      20
      22
      23
      21
      26
      19
      24
      26
      22
      19
      34
      25
      19
      20
      16
      28
      24
      20
      17
      27
      21
      21
      24
      20
      22
      22
      23
      20
      15
      28
      25
      23
      19
      31
      16
      19
      25
      21
      26
      27
      22
      23
      18
      15
      22
      25
      17
      32
      26
      15
      16
      32
      27
      30
      21
      25
      33
      28
      25
      34
      23
      18
      20
      18
      22
      20
      28
      25
      20
      25
      16
      25
      23
      28
      24
      24
      21
      25
      22
      23
      24
      19
      21
      18
      18
      24
      13
       8
      18
      29
      17
      18
      20
      15
      24
      14
      26
      28
      22
      18
      26
      19
      16
      21
      10
      17
      17
      15
      21
      18
      17
      20
      23
      18
      14
      11
      14
      18
      20
      17
      19
      21
      20
      18
      13
      17
      19
      19
      19
      13
      21
      19
      22
      18
      15
      17
      16
      27
      14
      13
      24
      14
      20
      20
      16
      18
      23
      17
      22
      14
      16
      18
      27
      22
      20
      26
      27
      16
      17
      17
      23
      22
      15
      20
      17
      21
      16
      14
      29
      15
      20
      12
      12
      17
      17
      20
      20
      22
      20
      23
      19
      17
      10
      26
      20
      18
      21
      13
      20
      18
      18
      30
      18
      14
      16
      18
      24
      20
      21
      16
      20
      18
      15
      18
      15
      17
      22
      20
      17
      16
      18
      26
      16
      16
      19
      21
      14
      16
      16
      15
      13
      18
      14
      18
      16
      15
      15
      19
      17
      12
      15
      22
      21
      16
      21
      17
      26
      23
      19
      19
      13
      14
      22
      20
      24
       9
      19
      17
      11
      11
      13
      14
      22
      14
      14
      12
      23
      15
      15
      15
      13
      17
      18
      20
      13
      11
      18
      15
      15
      15
      20
      15
      12
       9
      19
      21
      12
      19
       6
      25
      19
      19
      14
      16
      24
      20
      18
      21
      16
      12
      12
      12
      13
      14
      17
      19
      17
       8
      23
      16
      22
      14
      13
      14
      23
      16
       9
      14
      10
      15
      15
      15
      12
      15
      11
      20
      12
      15
      17
      11
      11
       7
      14
      11
      17
      19
      11
      18
      16
      14
      17
      12
      10
      18
       8
      13
       9
      15
      16
      13
      15
      12
       8
      17
      14
      11
      18
      14
      15
      17
      14
      12
      11
      11
      14
      15
       8
       9
      17
      18
      18
      21
      18
      15
      17
      17
      20
      12
      11
       9
      10
      20
      13
       7
      13
      13
      11
      20
       9
      11
      14
       9
      14
      18
      13
      15
      16
      18
      13
      13
      18
      10
      10
      12
      20
      13
      13
      16
       7
       8
      10
       7
       7
      11
      10
      11
      23
      16
      10
      12
      20
      12
      13
       9
      20
      13
      13
      12
      11
       9
      14
      14
       9
       8
      19
      16
      15
      11
      14
       9
      12
      15
      13
      18
       9
      17
      13
      11
       9
      14
      17
      16
      12
       8
       8
      10
      15
      13
       7
      12
      16
      12
      12
      11
      17
      10
       7
      13
      10
      12
      15
       6
      11
      10
       8
       8
      12
      17
      14
      11
       9
      14
      11
       8
       9
      14
       6
       8
       7
      10
       5
      19
       7
      10
      11
       9
       9
      12
       9
       9
       7
       6
      13
      12
       8
       9
      17
       9
      14
      10
       6
       7
      11
      11
       6
       6
      13
      10
      14
       7
      12
       5
       9
      13
      15
       8
      12
       9
       5
      12
      13
      20
       9
      14
      10
       7
      10
       6
       9
      10
       6
       7
       8
       8
       7
      11
       9
      13
      10
       9
      11
       9
      10
       5
      17
       6
       5
       3
      10
      15
       8
       8
       4
       6
       5
      11
       6
       9
      10
      11
      11
      11
      15
       7
      12
      10
       6
      12
      12
       7
       7
       6
       5
      15
       8
       8
       6
       5
       5
       6
       8
      14
       2
       5
       4
      13
       0
       0
       0
       0
       0
       0
       0
       0
       0
       0
       0
       0
       0
       0
       0
       0
       0
       0
       0
       0
       0
       0
       0
       0
       0
       0
       0
       0
       0
       0
       0
       0
       0
       0
       0
       0
       0
       0
       0
       0
       0
       0
       0
       0
       0
       0
       0
       0
       0
       0
       0
       0
       0
       0
       0
       0
       0
       0
       0
       0
       0
       0
       0
       0
       0
       0
       0
       0
       0
       0
       0
       0
       0
       0
       0
       0
       0
       0
       0
       0
       0
       0
       0
       0
       0
       0
       0
       0
       0
       0
       0
       0
       0
       0
       0
       0
       0
       0
       0
       0
       0
       0
       0
       0
       0
       0
       0
       0
       0
       0
       0
       0
       0
       0
       0
       0
       0
       0
       0
       0
       0
       0
       0
       0
       0
       0
       0
       0
$ROI:
0
$PRESETS:
None
0
0
$ENER_FIT:
0.868140 0.382412
$MCA_CAL:
3
8.681396E-001 3.824120E-001 0.000000E+000 keV
$SHAPE_CAL:
3
4.381112E+000 4.655568E-004 0.000000E+000
