$SPEC_ID:
No sample description was entered.
$SPEC_REM:
DET# 1
DETDESC# Plastic
AP# Maestro Version 6.08
$DATE_MEA:
09/24/2019 14:51:43
$MEAS_TIM:
300 303
$DATA:
0 2047
       0
       0
       0
       0
       0
       0
       0
       0
       0
       1
      86
    3622
   23672
   10005
    5838
    5401
    5499
    5510
    5302
    5366
    4824
    3461
    2910
    2879
    2777
    2640
    2630
    2412
    2637
    2792
    3047
    2893
    2169
    1588
    1124
     960
     922
     926
     903
     868
     871
     839
     791
     809
     796
     784
     744
     791
     799
     842
     897
     997
    1025
     954
     800
     704
     742
     716
     735
     735
     703
     724
     765
     778
     819
     920
    1089
    1228
    1359
    1567
    1586
    1481
    1486
    1393
    1320
    1223
    1197
    1081
    1124
    1092
    1194
    1351
    1478
    1509
    1772
    1835
    1902
    1528
    1239
    1003
     866
     725
     740
     690
     691
     653
     651
     660
     654
     665
     598
     513
     536
     472
     472
     398
     421
     423
     381
     412
     391
     433
     457
     414
     444
     423
     432
     437
     470
     426
     444
     437
     416
     365
     464
     434
     441
     457
     461
     440
     386
     454
     437
     451
     438
     435
     450
     479
     445
     424
     427
     413
     461
     451
     411
     440
     450
     433
     422
     437
     449
     433
     422
     443
     433
     427
     403
     436
     428
     439
     427
     475
     404
     437
     480
     418
     457
     432
     434
     439
     455
     440
     479
     456
     461
     515
     494
     480
     528
     511
     548
     497
     495
     476
     509
     519
     503
     509
     486
     529
     512
     489
     508
     542
     534
     574
     615
     639
     770
     764
     890
     913
    1037
     993
    1058
    1061
    1103
    1102
    1091
    1047
    1014
     985
     920
     852
     775
     801
     701
     647
     631
     555
     540
     500
     460
     426
     412
     419
     421
     387
     398
     430
     437
     407
     420
     402
     393
     392
     393
     415
     380
     388
     404
     378
     349
     392
     390
     350
     362
     355
     338
     350
     368
     325
     323
     360
     339
     340
     332
     336
     358
     352
     340
     313
     339
     324
     316
     308
     328
     321
     320
     297
     350
     347
     328
     340
     290
     365
     354
     347
     372
     357
     379
     409
     375
     385
     381
     408
     434
     421
     404
     397
     412
     399
     389
     364
     335
     352
     345
     341
     360
     325
     317
     302
     281
     280
     278
     283
     243
     255
     232
     244
     242
     219
     241
     211
     252
     221
     218
     196
     218
     198
     216
     213
     219
     204
     215
     207
     214
     203
     216
     202
     211
     207
     231
     206
     193
     197
     215
     214
     224
     209
     206
     186
     217
     167
     220
     194
     223
     204
     223
     213
     199
     190
     177
     189
     178
     201
     178
     198
     183
     177
     197
     196
     182
     181
     187
     168
     185
     210
     184
     174
     185
     197
     178
     181
     193
     186
     173
     168
     185
     194
     175
     176
     198
     186
     189
     146
     179
     179
     206
     184
     182
     211
     199
     193
     172
     187
     174
     183
     187
     210
     192
     174
     188
     189
     210
     199
     185
     190
     195
     176
     232
     194
     219
     223
     214
     196
     203
     221
     207
     213
     210
     211
     230
     237
     238
     241
     246
     261
     284
     243
     259
     232
     258
     239
     241
     221
     245
     203
     199
     229
     232
     219
     232
     213
     213
     206
     238
     216
     231
     195
     223
     184
     182
     159
     197
     157
     205
     194
     158
     156
     153
     147
     172
     161
     175
     174
     186
     192
     187
     175
     174
     216
     202
     174
     233
     199
     224
     222
     248
     241
     232
     253
     248
     279
     254
     292
     285
     281
     290
     280
     276
     312
     302
     314
     306
     306
     280
     303
     290
     317
     307
     296
     278
     269
     247
     222
     274
     197
     217
     201
     191
     189
     172
     174
     206
     191
     135
     156
     158
     135
     129
     141
     135
     126
     112
     133
     111
     132
     120
     120
     108
     119
     104
     138
     104
     110
     118
     118
     117
     120
     109
     132
     104
     124
      95
     113
     106
      98
     110
     110
     105
     102
     101
      98
     121
     122
     102
     117
     107
     124
      96
     110
      96
     117
     111
     119
     101
      88
      97
      88
      81
      96
     103
      85
     109
     106
     110
     104
     109
      86
      96
     109
      95
     100
     111
     105
      90
     100
      92
     111
     102
     104
      92
     112
     121
     136
     102
     103
     111
      92
     122
     124
     106
     117
     100
      97
     109
     118
     119
     111
     145
     121
     131
     127
     126
     121
     118
     105
      97
     100
     123
      91
     124
     105
     105
     101
      91
     103
      85
      86
     105
     111
     113
      90
      86
      96
      85
      91
     101
      86
      91
      83
      85
      86
      88
      90
      84
      90
     105
      85
      94
     110
      85
     110
      91
      97
     110
      94
      93
      92
      92
      74
      95
     101
      82
     102
     113
      70
      84
      97
      80
      65
      97
      71
      77
      84
      69
      83
      73
      63
      80
      75
      74
      78
      69
      80
      66
      86
      64
      73
      73
      54
      59
      75
      84
      58
      79
      79
      84
      63
      78
      70
      67
      87
      84
      72
      82
      63
      54
      81
      71
      81
      75
      87
      71
      73
      64
      73
      72
      60
      75
      76
      70
      81
      86
      81
      92
      85
      70
      89
      90
      68
      72
      85
     106
      89
      87
      97
     111
      83
      85
      95
     100
     129
      97
      99
     102
     119
     128
     138
     120
     136
     129
     161
     145
     134
     143
     129
     150
     151
     153
     146
     161
     153
     150
     159
     149
     153
     136
     162
     168
     136
     143
     141
     125
     156
     140
     130
     115
     143
     123
     117
     107
     129
     124
     139
     129
     129
     119
     109
      97
     125
      98
     122
     109
      93
     100
     106
     113
     125
     118
     111
     127
     116
     112
     111
     131
     119
     119
     127
     116
     114
     114
     114
     102
     116
     112
     106
     111
      87
      94
      98
      88
      73
      91
      92
      85
      95
      73
      71
      51
      63
      69
      65
      66
      71
      54
      52
      52
      45
      43
      42
      40
      36
      47
      39
      36
      35
      44
      43
      30
      22
      37
      34
      31
      30
      27
      32
      35
      30
      28
      31
      33
      27
      28
      19
      24
      30
      27
      28
      22
      31
      30
      35
      30
      31
      23
      28
      30
      27
      23
      29
      30
      36
      32
      28
      28
      22
      29
      18
      29
      16
      26
      28
      19
      27
      36
      28
      27
      35
      21
      33
      19
      23
      27
      39
      26
      24
      22
      23
      35
      26
      36
      33
      35
      26
      33
      32
      27
      25
      36
      25
      24
      27
      13
      38
      20
      25
      29
      22
      24
      26
      32
      28
      21
      23
      22
      22
      23
      31
      23
      22
      20
      22
      19
      20
      26
      23
      24
      21
      28
      27
      23
      25
      19
      23
      23
      26
      21
      19
      31
      24
      21
      24
      37
      35
      17
      16
      17
      25
      27
      25
      25
      21
      25
      23
      21
       8
      32
      31
      18
      23
      17
      24
      21
      27
      28
      20
      23
      25
      27
      25
      19
      29
      17
      16
      27
      11
      17
      17
      25
      29
      25
      29
      15
      18
      22
      27
      22
      21
      27
      25
      15
      21
      23
      20
      16
      23
      17
      19
      18
      29
      18
      24
      16
      25
      29
      22
      18
      21
      20
      28
      22
      22
      22
      23
      31
      19
      29
      27
      24
      25
      21
      12
      25
      15
      21
      16
      15
      25
      26
      20
      27
      20
      19
      19
      20
      27
      19
      24
      23
      19
      24
      29
      22
      23
      24
      13
      20
      21
      26
      17
      19
      17
      20
      18
      18
      15
      21
      20
      22
      15
      15
      22
      23
      22
      26
      21
      13
      22
      24
      22
      12
      17
      15
      17
      21
      18
      23
      14
      18
      29
      26
      13
      23
      20
      19
      25
       9
      12
      17
      12
      20
      26
      15
      16
      22
      16
      21
      20
      19
      23
      21
      14
      18
      23
      14
      14
      18
      21
      20
      13
      17
      16
      22
       7
      20
      20
      10
      21
      16
      26
      23
      14
      17
      15
      17
      19
      25
      20
      19
      13
      23
      14
      12
      18
      22
      13
      20
      16
      22
      22
      14
      17
      19
      16
      15
      11
      20
      10
      28
      18
      14
      11
      23
      12
      14
      17
      19
      11
      15
      15
      21
      17
      20
       9
      20
      16
      20
      18
      26
      26
      23
      10
      24
      11
      19
      22
      25
      22
      27
       6
      22
      18
      18
      20
      18
      16
      20
      14
      22
      21
      24
      17
      21
      27
      20
      20
      16
      32
      21
      19
      16
      17
      21
      20
      16
      18
      25
      20
      20
      13
      18
      23
      22
      18
      20
      27
      23
      22
      15
      11
      19
      20
      25
      22
      16
      20
      21
      20
      11
      19
       9
      18
      18
      12
      19
      28
      18
      21
      15
      21
      14
      21
      25
      19
      21
      18
      13
      12
      12
      21
      16
      21
      17
      18
      20
      20
      18
      25
      16
      24
      22
      18
      19
      17
      30
      22
      21
      31
      29
      29
      26
      28
      26
      26
      33
      36
      37
      30
      29
      28
      35
      44
      28
      31
      32
      32
      28
      33
      35
      39
      40
      27
      27
      30
      23
      38
      43
      33
      37
      45
      41
      28
      25
      29
      26
      31
      48
      37
      37
      41
      22
      32
      30
      28
      26
      27
      21
      31
      23
      24
      26
      28
      24
      22
      30
      22
      40
      33
      30
      18
      29
      24
      20
      22
      21
      28
      21
      22
      25
      27
      30
      16
      26
      29
      14
      12
      18
      19
      19
      26
      22
      17
      19
      21
      25
      21
      20
      22
      11
      20
      19
      15
      16
      13
      24
      17
      14
      19
      22
      16
      17
      13
      26
      15
      14
      15
      19
      14
      10
      20
      21
      11
      20
      13
      17
      10
      16
      16
      18
      14
       8
      17
      19
      19
      13
      16
      14
       9
      13
       9
      12
      10
      14
      17
      18
      10
      15
       9
      14
      16
      15
      10
      17
      11
       7
      13
      10
      18
      16
      10
      13
      13
      10
      10
      10
      19
      13
      13
      12
      12
      14
      17
      11
      20
      14
      17
      16
      16
      15
      12
      17
      13
      14
      20
      15
      12
      11
      14
      10
      14
       8
      14
      12
      13
      19
      15
      15
      17
      14
      14
      16
      16
      15
      19
      11
      12
      13
      14
      14
       9
      16
      21
      10
      11
      17
      11
      11
      10
      10
      11
      12
      13
      11
      16
      13
       7
       7
      16
      18
      20
      19
      11
      13
      17
      13
       8
      11
      10
       5
      19
      15
      11
      17
      11
      14
       9
      15
      14
      21
      16
      14
      16
      19
      11
      13
      18
       9
      13
       9
      15
      10
      18
      12
      17
       4
       9
      11
      12
      10
      14
      13
      16
      17
      14
       8
      20
      18
      16
       9
       8
       8
      10
      18
      15
      11
       9
      14
      10
      13
      19
      11
      13
      13
       9
      11
      12
      14
      13
       5
       5
      13
      17
      15
      14
      10
      17
      13
      10
      11
       7
      15
      18
      11
      11
      16
       8
      13
      10
      10
      14
      14
      11
      19
       7
       7
      14
       8
      17
      18
       6
      15
      15
      11
      13
      12
      13
      14
       9
      11
      12
       5
       8
      17
       8
      18
      15
       7
      13
       6
      10
      16
      12
      12
      11
      13
      10
      16
      14
      11
      13
       9
       5
      13
      13
      14
      10
      12
       7
      10
       9
      11
      12
       9
      12
      14
       8
      17
       9
      11
      10
      14
      15
       5
      12
       9
      18
      12
       9
      11
       9
      15
      14
      10
      16
      11
       9
      15
      12
      12
      20
      17
      20
      16
      11
      18
      14
      11
      15
      16
      11
       7
      14
       5
      12
      13
      11
      11
      14
      12
      15
      19
       7
      20
       9
      15
      16
      16
      11
      13
      10
      10
      14
      15
       8
      15
      16
      12
      13
      19
      20
      13
      17
      18
      15
      19
      19
      18
      14
      13
      21
      22
      27
      22
      19
      20
      13
      24
      20
      20
      19
      23
      28
      26
      26
      21
      25
      32
      21
      21
      24
      20
      23
      23
      22
      28
      18
      21
      16
       7
      21
      33
      29
      24
      23
      24
      34
      21
      23
      16
      23
      22
      21
      25
      21
      25
      24
      21
      24
      15
      25
      10
      20
      22
      20
      22
      22
      15
      19
      16
      23
      14
      19
      23
      14
      20
      17
      24
      22
      25
      14
      15
      14
      11
      13
      10
      18
      15
       9
      17
       9
      13
      11
      12
      18
      10
      22
      20
      12
      17
      10
      21
      16
       8
      11
       9
      15
      10
      15
      20
      18
       8
      12
      19
       7
       9
      13
      13
       9
      22
      12
      18
      11
      10
      15
      15
      15
      14
      16
      21
      25
      22
      15
      14
      27
      20
      19
      14
      17
      15
      17
      13
      16
      15
      10
      17
      13
      12
      14
      10
       7
      19
      10
      13
      17
      21
      25
      26
      18
      20
      11
      14
      18
      27
      15
      17
      22
      15
      12
      11
      11
      20
      21
      20
      17
      16
      12
      24
      17
      15
      11
      25
      18
      10
      19
      12
      14
      14
      14
      19
      14
      18
      20
      15
      12
      16
      21
      21
      15
      18
      13
      22
      21
      14
      14
      15
      13
      10
      15
      12
      16
      15
      17
      14
      19
      11
      12
      13
      15
      18
      16
       9
      16
       8
      10
       9
      11
      21
      15
      17
      16
      13
      14
      10
      10
      11
      13
       9
      13
      16
      12
       8
      13
      14
      15
       8
       6
       4
      16
      13
      12
       8
       8
      13
      12
      16
      11
      11
       7
       9
      14
       8
       8
       5
       9
      15
       8
      11
       9
       2
       4
       3
       6
       5
       6
       5
       5
       9
       9
      10
       7
       7
       0
       0
       0
       0
       0
       0
       0
       0
       0
       0
       0
       0
       0
       0
       0
       0
       0
       0
       0
       0
       0
       0
       0
       0
       0
       0
       0
       0
       0
       0
       0
       0
       0
       0
       0
       0
       0
       0
       0
       0
       0
       0
       0
       0
       0
$ROI:
0
$PRESETS:
Live Time
300
0
$ENER_FIT:
10.762343 1.140768
$MCA_CAL:
3
1.076234E+001 1.140768E+000 0.000000E+000 keV
$SHAPE_CAL:
3
0.000000E+000 0.000000E+000 0.000000E+000
